4.927852478027343750e+02
6.134881591796875000e+02
8.698132634162902832e-01
4.823238220214843750e+02
9.171073608398437500e+02
8.027009963989257812e-01
2.311344146728515625e+02
9.381751708984375000e+02
7.507302761077880859e-01
1.471072235107421875e+02
1.404183105468750000e+03
6.028077006340026855e-01
1.473929443359375000e+02
1.854748901367187500e+03
5.918247103691101074e-01
7.283696289062500000e+02
8.962079467773437500e+02
7.165694236755371094e-01
9.016054687500000000e+02
1.189296020507812500e+03
7.180765867233276367e-01
6.709934082031250000e+02
8.594938964843750000e+02
6.562064290046691895e-01
4.876046142578125000e+02
1.781327270507812500e+03
4.567583203315734863e-01
3.201558532714843750e+02
1.781404907226562500e+03
4.189332425594329834e-01
0.000000000000000000e+00
0.000000000000000000e+00
0.000000000000000000e+00
0.000000000000000000e+00
0.000000000000000000e+00
0.000000000000000000e+00
6.498695068359375000e+02
1.781338134765625000e+03
4.261542260646820068e-01
0.000000000000000000e+00
0.000000000000000000e+00
0.000000000000000000e+00
0.000000000000000000e+00
0.000000000000000000e+00
0.000000000000000000e+00
4.403170471191406250e+02
5.713282470703125000e+02
9.283167719841003418e-01
5.399929809570312500e+02
5.660056152343750000e+02
8.792033791542053223e-01
3.566319274902343750e+02
6.080861816406250000e+02
9.705764055252075195e-01
6.080935668945312500e+02
5.976204223632812500e+02
9.357094764709472656e-01
0.000000000000000000e+00
0.000000000000000000e+00
0.000000000000000000e+00
0.000000000000000000e+00
0.000000000000000000e+00
0.000000000000000000e+00
0.000000000000000000e+00
0.000000000000000000e+00
0.000000000000000000e+00
0.000000000000000000e+00
0.000000000000000000e+00
0.000000000000000000e+00
0.000000000000000000e+00
0.000000000000000000e+00
0.000000000000000000e+00
0.000000000000000000e+00
0.000000000000000000e+00
0.000000000000000000e+00
6.801894531250000000e+02
8.917290039062500000e+02
1.753225028514862061e-01
6.408211669921875000e+02
8.638431396484375000e+02
3.178430199623107910e-01
5.916107177734375000e+02
8.457993164062500000e+02
4.756523072719573975e-01
5.637248535156250000e+02
8.047906494140625000e+02
9.325913190841674805e-01
5.637248535156250000e+02
7.769047241210937500e+02
3.238936066627502441e-01
6.162159423828125000e+02
7.457381591796875000e+02
4.646398127079010010e-01
5.686458740234375000e+02
7.129312133789062500e+02
7.528260946273803711e-01
5.620844726562500000e+02
7.408170776367187500e+02
6.226011514663696289e-01
5.653651733398437500e+02
7.687030029296875000e+02
9.236854314804077148e-01
6.408211669921875000e+02
7.506591796875000000e+02
4.883211851119995117e-01
6.080142211914062500e+02
6.981680908203125000e+02
9.467251896858215332e-01
5.899703979492187500e+02
7.391767578125000000e+02
9.928915500640869141e-01
5.784879760742187500e+02
7.752644042968750000e+02
7.666633129119873047e-01
6.719877319335937500e+02
7.555802001953125000e+02
5.234110355377197266e-01
6.424614868164062500e+02
7.162119140625000000e+02
9.732573628425598145e-01
6.145755615234375000e+02
7.473784790039062500e+02
7.206345796585083008e-01
6.030931396484375000e+02
7.851064453125000000e+02
8.110283613204956055e-01
6.949525756835937500e+02
7.621416015625000000e+02
8.430402874946594238e-01
6.637860107421875000e+02
7.424574584960937500e+02
8.398876786231994629e-01
6.375404663085937500e+02
7.588609008789062500e+02
7.411192059516906738e-01
6.162159423828125000e+02
7.834661254882812500e+02
6.101524829864501953e-01
-1.045569992065429688e+01
2.019964599609375000e+03
1.416537072509527206e-02
1.474872283935546875e+02
1.972214355468750000e+03
2.445768378674983978e-02
2.393145141601562500e+02
2.053022460937500000e+03
2.429786324501037598e-02
3.127763366699218750e+02
2.051185791015625000e+03
1.912155561149120331e-02
3.293052673339843750e+02
2.069551269531250000e+03
1.005437783896923065e-02
2.227855987548828125e+02
2.053022460937500000e+03
2.408148720860481262e-02
2.062566986083984375e+02
2.051185791015625000e+03
1.247181277722120285e-02
1.621795959472656250e+02
2.045676147460937500e+03
1.033143512904644012e-02
1.474872283935546875e+02
2.060368652343750000e+03
6.924755871295928955e-03
1.970739593505859375e+02
2.019964599609375000e+03
1.303934957832098007e-02
2.062566986083984375e+02
1.953848876953125000e+03
9.955175220966339111e-03
1.493237762451171875e+02
2.056695556640625000e+03
7.959777489304542542e-03
1.456506805419921875e+02
2.069551269531250000e+03
6.653379183262586594e-03
7.035231018066406250e+01
1.964868164062500000e+03
1.660184562206268311e-02
1.970739593505859375e+02
1.955685424804687500e+03
1.142079848796129227e-02
1.401410522460937500e+02
1.988743286132812500e+03
9.140424430370330811e-03
8.871776580810546875e+01
2.086080078125000000e+03
5.930539220571517944e-03
5.198685455322265625e+01
1.953848876953125000e+03
2.058468759059906006e-02
4.831376266479492188e+01
1.959358520507812500e+03
1.038157287985086441e-02
9.973704528808593750e+01
2.082407226562500000e+03
7.534467615187168121e-03
1.125928649902343750e+02
2.126484130859375000e+03
5.326579324901103973e-03
