4.878274841308593750e+02
6.133032226562500000e+02
8.838925361633300781e-01
4.771508483886718750e+02
9.118545532226562500e+02
8.023544549942016602e-01
2.312121582031250000e+02
9.381010742187500000e+02
7.407147884368896484e-01
1.471853790283203125e+02
1.393774414062500000e+03
6.041304469108581543e-01
1.473744659423828125e+02
1.854755859375000000e+03
5.718752741813659668e-01
7.023963012695312500e+02
8.857070922851562500e+02
6.400168538093566895e-01
9.014266967773437500e+02
1.189354370117187500e+03
7.561126947402954102e-01
6.709072875976562500e+02
8.125394897460937500e+02
6.760842800140380859e-01
4.825195617675781250e+02
1.776156494140625000e+03
4.586839079856872559e-01
3.149262695312500000e+02
1.776135864257812500e+03
4.250740408897399902e-01
0.000000000000000000e+00
0.000000000000000000e+00
0.000000000000000000e+00
0.000000000000000000e+00
0.000000000000000000e+00
0.000000000000000000e+00
6.449282226562500000e+02
1.776203979492187500e+03
4.216605424880981445e-01
0.000000000000000000e+00
0.000000000000000000e+00
0.000000000000000000e+00
0.000000000000000000e+00
0.000000000000000000e+00
0.000000000000000000e+00
4.402562866210937500e+02
5.664445190429687500e+02
9.337646365165710449e-01
5.400664062500000000e+02
5.609904785156250000e+02
8.826748132705688477e-01
3.566885681152343750e+02
6.081610717773437500e+02
9.632107019424438477e-01
6.081163940429687500e+02
5.924074096679687500e+02
8.958818316459655762e-01
0.000000000000000000e+00
0.000000000000000000e+00
0.000000000000000000e+00
0.000000000000000000e+00
0.000000000000000000e+00
0.000000000000000000e+00
0.000000000000000000e+00
0.000000000000000000e+00
0.000000000000000000e+00
0.000000000000000000e+00
0.000000000000000000e+00
0.000000000000000000e+00
0.000000000000000000e+00
0.000000000000000000e+00
0.000000000000000000e+00
0.000000000000000000e+00
0.000000000000000000e+00
0.000000000000000000e+00
6.812620239257812500e+02
8.790483398437500000e+02
9.665863588452339172e-03
6.524533081054687500e+02
8.250319824218750000e+02
4.022888373583555222e-03
5.750298461914062500e+02
7.782178344726562500e+02
1.839525997638702393e-01
5.714287719726562500e+02
7.782178344726562500e+02
6.881449222564697266e-01
5.840325927734375000e+02
7.368052978515625000e+02
2.657454311847686768e-01
6.128413085937500000e+02
7.296030883789062500e+02
3.080009818077087402e-01
5.696282348632812500e+02
6.917916259765625000e+02
8.268325924873352051e-01
5.660271606445312500e+02
7.224009399414062500e+02
6.165121793746948242e-01
5.750298461914062500e+02
7.476085205078125000e+02
6.180850267410278320e-01
6.344478759765625000e+02
7.260020141601562500e+02
3.966565132141113281e-01
6.038386230468750000e+02
6.809884033203125000e+02
8.963412642478942871e-01
5.876336669921875000e+02
7.314036254882812500e+02
7.696603536605834961e-01
5.894342651367187500e+02
7.746166992187500000e+02
5.692912340164184570e-01
6.614560546875000000e+02
7.368052978515625000e+02
4.772204756736755371e-01
6.236445922851562500e+02
6.899910888671875000e+02
6.520670652389526367e-01
6.110407714843750000e+02
7.332041625976562500e+02
6.690236330032348633e-01
6.110407714843750000e+02
7.728161621093750000e+02
7.554712295532226562e-01
6.848630981445312500e+02
7.368052978515625000e+02
7.913759350776672363e-01
6.578549804687500000e+02
7.043954467773437500e+02
8.002669811248779297e-01
6.344478759765625000e+02
7.278025512695312500e+02
7.345364093780517578e-01
6.326473388671875000e+02
7.548107299804687500e+02
7.498517632484436035e-01
-1.227818965911865234e+01
2.023790771484375000e+03
1.701210252940654755e-02
1.474368591308593750e+02
1.980573730468750000e+03
2.620905078947544098e-02
1.944118804931640625e+02
1.971178833007812500e+03
2.594093419611454010e-02
2.827249145507812500e+02
2.020032836914062500e+03
2.082350291311740875e-02
3.372159423828125000e+02
2.080160888671875000e+03
9.697927162051200867e-03
2.244758911132812500e+02
2.057612792968750000e+03
2.518783695995807648e-02
2.094438934326171875e+02
2.065128906250000000e+03
1.246055494993925095e-02
1.605898742675781250e+02
2.055733886718750000e+03
1.035264786332845688e-02
1.436788635253906250e+02
2.070765869140625000e+03
7.284233346581459045e-03
1.962908782958984375e+02
2.027548828125000000e+03
1.359013281762599945e-02
2.094438934326171875e+02
2.082039794921875000e+03
9.006220847368240356e-03
1.417998657226562500e+02
2.063249755859375000e+03
8.180487900972366333e-03
1.380418701171875000e+02
2.074523925781250000e+03
7.419093511998653412e-03
8.355084228515625000e+01
1.969299804687500000e+03
1.698068156838417053e-02
1.117358551025390625e+02
2.050096923828125000e+03
9.497400373220443726e-03
1.248888549804687500e+02
2.044459838867187500e+03
9.495241567492485046e-03
1.060988540649414062e+02
2.074523925781250000e+03
6.249799858778715134e-03
5.912383651733398438e+01
1.956146728515625000e+03
1.935211941599845886e-02
5.724483489990234375e+01
1.971178833007812500e+03
9.997262619435787201e-03
1.079778518676757812e+02
2.033185791015625000e+03
7.737662177532911301e-03
1.079778518676757812e+02
2.136530761718750000e+03
5.339579191058874130e-03
