4.826485595703125000e+02
6.185938110351562500e+02
8.647297620773315430e-01
4.824294738769531250e+02
9.223178710937500000e+02
7.673427462577819824e-01
2.311669616699218750e+02
9.381505737304687500e+02
7.389059662818908691e-01
1.471106872558593750e+02
1.404197021484375000e+03
5.986752510070800781e-01
1.472916107177734375e+02
1.839049438476562500e+03
5.812716484069824219e-01
7.285772705078125000e+02
8.963014526367187500e+02
6.888567209243774414e-01
9.067075195312500000e+02
1.189589233398437500e+03
7.731879949569702148e-01
6.762734375000000000e+02
8.699770507812500000e+02
6.524454355239868164e-01
4.825666809082031250e+02
1.770874755859375000e+03
4.388427436351776123e-01
3.200039367675781250e+02
1.776125976562500000e+03
4.063515961170196533e-01
0.000000000000000000e+00
0.000000000000000000e+00
0.000000000000000000e+00
0.000000000000000000e+00
0.000000000000000000e+00
0.000000000000000000e+00
6.448165893554687500e+02
1.770908691406250000e+03
4.151024222373962402e-01
0.000000000000000000e+00
0.000000000000000000e+00
0.000000000000000000e+00
0.000000000000000000e+00
0.000000000000000000e+00
0.000000000000000000e+00
4.351509094238281250e+02
5.713274536132812500e+02
9.216868281364440918e-01
5.346754760742187500e+02
5.611414794921875000e+02
9.029883146286010742e-01
3.565154724121093750e+02
6.080975952148437500e+02
9.670481085777282715e-01
6.078617553710937500e+02
5.922449951171875000e+02
8.651534318923950195e-01
0.000000000000000000e+00
0.000000000000000000e+00
0.000000000000000000e+00
0.000000000000000000e+00
0.000000000000000000e+00
0.000000000000000000e+00
0.000000000000000000e+00
0.000000000000000000e+00
0.000000000000000000e+00
0.000000000000000000e+00
0.000000000000000000e+00
0.000000000000000000e+00
0.000000000000000000e+00
0.000000000000000000e+00
0.000000000000000000e+00
0.000000000000000000e+00
0.000000000000000000e+00
0.000000000000000000e+00
6.757150268554687500e+02
8.640807495117187500e+02
2.311898022890090942e-01
6.323513793945312500e+02
8.737171020507812500e+02
4.730314016342163086e-01
5.825635375976562500e+02
8.849595336914062500e+02
7.342169880867004395e-01
5.375938110351562500e+02
9.106564941406250000e+02
6.839849352836608887e-01
4.942301940917968750e+02
9.395655517578125000e+02
7.701481580734252930e-01
5.793513793945312500e+02
7.821716308593750000e+02
8.041424751281738281e-01
5.536544189453125000e+02
7.275656127929687500e+02
9.025440216064453125e-01
5.311695556640625000e+02
6.825959472656250000e+02
6.717444658279418945e-01
5.183211059570312500e+02
6.408383789062500000e+02
8.115975260734558105e-01
6.211089477539062500e+02
7.661110839843750000e+02
7.236455082893371582e-01
6.066544189453125000e+02
6.842019653320312500e+02
8.091051578521728516e-01
6.018362426757812500e+02
6.376262207031250000e+02
8.446763157844543457e-01
5.970180664062500000e+02
5.894444580078125000e+02
8.795377612113952637e-01
6.596544189453125000e+02
7.661110839843750000e+02
6.822391152381896973e-01
6.596544189453125000e+02
6.922322998046875000e+02
8.131604194641113281e-01
6.596544189453125000e+02
6.424443969726562500e+02
8.485352993011474609e-01
6.580483398437500000e+02
5.974747314453125000e+02
7.332309484481811523e-01
6.998059082031250000e+02
7.773534545898437500e+02
6.961062550544738770e-01
7.255028686523437500e+02
7.323837890625000000e+02
7.966541051864624023e-01
7.399573974609375000e+02
7.034747314453125000e+02
7.631754875183105469e-01
7.544119262695312500e+02
6.697474365234375000e+02
7.780360579490661621e-01
2.554736022949218750e+02
2.076492919921875000e+03
1.240277197211980820e-02
1.508963165283203125e+02
1.970143310546875000e+03
2.317666262388229370e-02
2.430661315917968750e+02
2.051677978515625000e+03
2.505832910537719727e-02
3.104209899902343750e+02
2.042815551757812500e+03
1.845593191683292389e-02
3.228284606933593750e+02
2.062312988281250000e+03
9.975773282349109650e-03
2.217961730957031250e+02
2.042815551757812500e+03
2.356046438217163086e-02
1.916637420654296875e+02
1.959508300781250000e+03
1.473884470760822296e-02
1.703937835693359375e+02
1.968370727539062500e+03
1.081341225653886795e-02
1.491238250732421875e+02
2.049905517578125000e+03
6.680665072053670883e-03
1.934362335205078125e+02
1.966598266601562500e+03
1.473403163254261017e-02
1.881187438964843750e+02
1.947100830078125000e+03
1.439202856272459030e-02
1.633037872314453125e+02
1.968370727539062500e+03
8.809384889900684357e-03
9.772142028808593750e+01
2.065858154296875000e+03
6.214073393493890762e-03
1.757112731933593750e+02
1.984323242187500000e+03
1.751870848238468170e-02
1.774837646484375000e+02
1.945328247070312500e+03
1.372180227190256119e-02
1.367163391113281250e+02
1.979005737304687500e+03
9.892857633531093597e-03
9.949391937255859375e+01
2.069403076171875000e+03
6.005584727972745895e-03
5.340901184082031250e+01
1.948873291015625000e+03
2.011392079293727875e-02
4.631902694702148438e+01
1.957735717773437500e+03
9.778739884495735168e-03
1.260813674926757812e+02
1.982550781250000000e+03
8.246423676609992981e-03
1.189913787841796875e+02
2.023318115234375000e+03
5.346154328435659409e-03
