4.875156860351562500e+02
6.134161987304687500e+02
8.760638236999511719e-01
4.822503051757812500e+02
9.170469360351562500e+02
7.817544937133789062e-01
2.361394195556640625e+02
9.381177978515625000e+02
7.381202578544616699e-01
1.471463928222656250e+02
1.399067382812500000e+03
5.769187808036804199e-01
1.523326568603515625e+02
1.854677001953125000e+03
5.647835731506347656e-01
7.181137695312500000e+02
8.961414794921875000e+02
6.312282085418701172e-01
9.015796508789062500e+02
1.189590820312500000e+03
7.805652618408203125e-01
6.813125000000000000e+02
8.384613647460937500e+02
6.448550820350646973e-01
4.825394592285156250e+02
1.781375732421875000e+03
4.417132735252380371e-01
3.149698791503906250e+02
1.781427734375000000e+03
3.993918001651763916e-01
0.000000000000000000e+00
0.000000000000000000e+00
0.000000000000000000e+00
0.000000000000000000e+00
0.000000000000000000e+00
0.000000000000000000e+00
6.448600463867187500e+02
1.781357299804687500e+03
4.190618097782135010e-01
0.000000000000000000e+00
0.000000000000000000e+00
0.000000000000000000e+00
0.000000000000000000e+00
0.000000000000000000e+00
0.000000000000000000e+00
4.352452697753906250e+02
5.664448852539062500e+02
9.259289503097534180e-01
5.348061523437500000e+02
5.610234375000000000e+02
8.931406736373901367e-01
3.566210021972656250e+02
6.081033935546875000e+02
9.700858592987060547e-01
6.082216796875000000e+02
5.819815673828125000e+02
8.507249951362609863e-01
0.000000000000000000e+00
0.000000000000000000e+00
0.000000000000000000e+00
0.000000000000000000e+00
0.000000000000000000e+00
0.000000000000000000e+00
0.000000000000000000e+00
0.000000000000000000e+00
0.000000000000000000e+00
0.000000000000000000e+00
0.000000000000000000e+00
0.000000000000000000e+00
0.000000000000000000e+00
0.000000000000000000e+00
0.000000000000000000e+00
0.000000000000000000e+00
0.000000000000000000e+00
0.000000000000000000e+00
6.255196533203125000e+02
8.493037109375000000e+02
4.963025450706481934e-02
5.748336181640625000e+02
8.357874145507812500e+02
1.107336878776550293e-01
5.224580688476562500e+02
8.374769897460937500e+02
2.824218273162841797e-01
5.393533935546875000e+02
8.391665039062500000e+02
1.415844559669494629e-01
5.478010864257812500e+02
8.526828002929687500e+02
6.057465821504592896e-02
5.883499145507812500e+02
7.445525512695312500e+02
8.211834430694580078e-01
5.613173828125000000e+02
6.904874877929687500e+02
7.905685901641845703e-01
5.410429687500000000e+02
6.617653808593750000e+02
7.358663678169250488e-01
5.207685546875000000e+02
6.330432739257812500e+02
8.220304250717163086e-01
6.288987426757812500e+02
7.377944335937500000e+02
7.548946738243103027e-01
6.136929321289062500e+02
6.482490844726562500e+02
8.310815095901489258e-01
6.035557250976562500e+02
6.060107421875000000e+02
8.618429899215698242e-01
6.035557250976562500e+02
5.587037963867187500e+02
7.144800424575805664e-01
6.609998779296875000e+02
7.411735229492187500e+02
6.993975043296813965e-01
6.728266601562500000e+02
6.685234985351562500e+02
7.038350105285644531e-01
6.694475708007812500e+02
6.161479492187500000e+02
7.305850386619567871e-01
6.795847778320312500e+02
5.823572998046875000e+02
5.806865096092224121e-01
6.981696777343750000e+02
7.546897583007812500e+02
8.185265660285949707e-01
7.252022094726562500e+02
7.040037231445312500e+02
6.487990617752075195e-01
7.370289306640625000e+02
6.854188842773437500e+02
7.718839645385742188e-01
7.454766235351562500e+02
6.702130737304687500e+02
7.195348739624023438e-01
2.617631530761718750e+02
2.092317626953125000e+03
1.278623193502426147e-02
1.447580108642578125e+02
1.971598144531250000e+03
2.264730818569660187e-02
2.524770507812500000e+02
2.057030517578125000e+03
2.295073680579662323e-02
3.230515747070312500e+02
2.053315917968750000e+03
1.774226501584053040e-02
3.379093933105468750e+02
2.071888183593750000e+03
9.891062043607234955e-03
2.283331298828125000e+02
2.053315917968750000e+03
2.225596271455287933e-02
1.949030761718750000e+02
1.969740844726562500e+03
1.753740757703781128e-02
1.893314056396484375e+02
1.960454833984375000e+03
1.209643669426441193e-02
1.689019317626953125e+02
1.980884277343750000e+03
7.527325302362442017e-03
1.466152343750000000e+02
1.966026489257812500e+03
1.490940339863300323e-02
2.004747467041015625e+02
1.960454833984375000e+03
1.938224583864212036e-02
1.949030761718750000e+02
1.966026489257812500e+03
1.020089071244001389e-02
1.559013519287109375e+02
2.060744873046875000e+03
6.992603186517953873e-03
8.904126739501953125e+01
1.954883056640625000e+03
1.760926283895969391e-02
1.856169586181640625e+02
1.958597534179687500e+03
1.662380248308181763e-02
1.986175231933593750e+02
1.960454833984375000e+03
1.078374497592449188e-02
1.168996429443359375e+02
2.071888183593750000e+03
5.863069090992212296e-03
6.304012298583984375e+01
1.953025878906250000e+03
2.081636711955070496e-02
2.729065246582031250e+02
1.954883056640625000e+03
1.106917951256036758e-02
1.930458526611328125e+02
1.951168701171875000e+03
8.615271188318729401e-03
1.206140899658203125e+02
2.127604980468750000e+03
4.928108304738998413e-03
