5.137307128906250000e+02
6.083877563476562500e+02
8.979761600494384766e-01
4.821737060546875000e+02
9.172159423828125000e+02
8.164008855819702148e-01
2.309340667724609375e+02
9.328991088867187500e+02
7.444261312484741211e-01
1.471442565917968750e+02
1.398965087890625000e+03
6.270561814308166504e-01
1.473376770019531250e+02
1.854735717773437500e+03
5.609290003776550293e-01
7.283673706054687500e+02
9.014581909179687500e+02
6.408361792564392090e-01
9.170960083007812500e+02
1.294180541992187500e+03
6.469634175300598145e-01
7.702623901367187500e+02
9.328867797851562500e+02
7.270414829254150391e-01
4.875600585937500000e+02
1.786673828125000000e+03
4.458690583705902100e-01
3.201413269042968750e+02
1.791818115234375000e+03
4.102814197540283203e-01
0.000000000000000000e+00
0.000000000000000000e+00
0.000000000000000000e+00
0.000000000000000000e+00
0.000000000000000000e+00
0.000000000000000000e+00
6.499182739257812500e+02
1.791874633789062500e+03
4.144503474235534668e-01
0.000000000000000000e+00
0.000000000000000000e+00
0.000000000000000000e+00
0.000000000000000000e+00
0.000000000000000000e+00
0.000000000000000000e+00
4.457229614257812500e+02
5.661186523437500000e+02
9.358741044998168945e-01
5.606909790039062500e+02
5.608505859375000000e+02
9.076640009880065918e-01
3.566801452636718750e+02
6.029253540039062500e+02
9.668267965316772461e-01
6.133908691406250000e+02
5.976735839843750000e+02
8.875752091407775879e-01
0.000000000000000000e+00
0.000000000000000000e+00
0.000000000000000000e+00
0.000000000000000000e+00
0.000000000000000000e+00
0.000000000000000000e+00
0.000000000000000000e+00
0.000000000000000000e+00
0.000000000000000000e+00
0.000000000000000000e+00
0.000000000000000000e+00
0.000000000000000000e+00
0.000000000000000000e+00
0.000000000000000000e+00
0.000000000000000000e+00
0.000000000000000000e+00
0.000000000000000000e+00
0.000000000000000000e+00
7.585709228515625000e+02
9.223522949218750000e+02
1.722525507211685181e-01
7.537756958007812500e+02
8.536203002929687500e+02
1.110884025692939758e-01
6.914373779296875000e+02
8.056677246093750000e+02
5.572374165058135986e-02
6.514769287109375000e+02
9.127617797851562500e+02
2.035655975341796875e-01
6.546737670898437500e+02
8.999744262695312500e+02
2.679469585418701172e-01
6.914373779296875000e+02
8.040693359375000000e+02
8.057583123445510864e-02
6.642642822265625000e+02
7.944788208007812500e+02
2.938932180404663086e-01
6.738547973632812500e+02
8.488250732421875000e+02
2.211833149194717407e-01
6.610674438476562500e+02
8.935807495117187500e+02
7.270216196775436401e-02
6.898389282226562500e+02
7.944788208007812500e+02
5.146021023392677307e-02
6.722563476562500000e+02
8.072661743164062500e+02
7.818877696990966797e-02
6.786500244140625000e+02
8.584155883789062500e+02
1.680718064308166504e-01
7.090199584960937500e+02
9.095649414062500000e+02
1.488346010446548462e-01
7.345946655273437500e+02
8.312424316406250000e+02
3.555809706449508667e-02
6.690595092773437500e+02
8.104630126953125000e+02
4.087128862738609314e-02
7.058231201171875000e+02
8.839902343750000000e+02
1.029734984040260315e-01
7.042247314453125000e+02
9.079665527343750000e+02
1.067856922745704651e-01
6.786500244140625000e+02
8.072661743164062500e+02
2.984963729977607727e-02
6.594689941406250000e+02
8.056677246093750000e+02
2.288727834820747375e-02
6.738547973632812500e+02
8.568171386718750000e+02
6.345403939485549927e-02
6.882405395507812500e+02
8.919823608398437500e+02
3.952039405703544617e-02
2.477205963134765625e+02
2.092454833984375000e+03
1.342948246747255325e-02
1.529747924804687500e+02
1.977273559570312500e+03
2.398202382028102875e-02
2.384317932128906250e+02
2.055299560546875000e+03
2.327678911387920380e-02
3.145999755859375000e+02
2.053441894531250000e+03
1.835454069077968597e-02
3.276043090820312500e+02
2.072019531250000000e+03
1.006181072443723679e-02
2.235697021484375000e+02
2.051583984375000000e+03
2.371156588196754456e-02
1.994188079833984375e+02
1.982846923828125000e+03
1.347261201590299606e-02
1.696946411132812500e+02
2.047868530273437500e+03
1.046241447329521179e-02
1.529747924804687500e+02
2.057157226562500000e+03
6.923459004610776901e-03
1.232506179809570312e+02
1.962411499023437500e+03
1.426471862941980362e-02
2.217119445800781250e+02
1.954980468750000000e+03
1.237584557384252548e-02
1.511170349121093750e+02
2.055299560546875000e+03
7.898286916315555573e-03
7.494882965087890625e+01
2.072019531250000000e+03
6.458302028477191925e-03
8.609539794921875000e+01
1.958696044921875000e+03
1.845483668148517609e-02
2.161386566162109375e+02
1.956838256835937500e+03
1.222242508083581924e-02
1.121040496826171875e+02
2.068303955078125000e+03
8.966390043497085571e-03
8.237987518310546875e+01
2.083166015625000000e+03
6.038298364728689194e-03
6.194450759887695312e+01
1.953122680664062500e+03
2.254972606897354126e-02
4.894018173217773438e+01
1.964269287109375000e+03
1.192655134946107864e-02
6.566002655029296875e+01
1.990277954101562500e+03
7.723713759332895279e-03
4.894018173217773438e+01
1.988420166015625000e+03
5.703773349523544312e-03
