4.878138427734375000e+02
6.185770874023437500e+02
8.639782071113586426e-01
4.822376708984375000e+02
9.119069824218750000e+02
8.165923953056335449e-01
2.311703643798828125e+02
9.380662231445312500e+02
7.496976852416992188e-01
1.471638793945312500e+02
1.404174926757812500e+03
6.018528938293457031e-01
1.474043884277343750e+02
1.854593750000000000e+03
5.826743841171264648e-01
7.232276611328125000e+02
8.959245605468750000e+02
6.789354681968688965e-01
9.015228881835937500e+02
1.178921142578125000e+03
6.938830614089965820e-01
6.814469604492187500e+02
8.593225708007812500e+02
6.874546408653259277e-01
4.825765075683593750e+02
1.781304199218750000e+03
4.682029783725738525e-01
3.149833374023437500e+02
1.781338745117187500e+03
4.343143403530120850e-01
0.000000000000000000e+00
0.000000000000000000e+00
0.000000000000000000e+00
0.000000000000000000e+00
0.000000000000000000e+00
0.000000000000000000e+00
6.498539428710937500e+02
1.781365722656250000e+03
4.254284203052520752e-01
0.000000000000000000e+00
0.000000000000000000e+00
0.000000000000000000e+00
0.000000000000000000e+00
0.000000000000000000e+00
0.000000000000000000e+00
4.402514038085937500e+02
5.715178222656250000e+02
9.182240366935729980e-01
5.348769531250000000e+02
5.660579833984375000e+02
8.779192566871643066e-01
3.566209411621093750e+02
6.081334838867187500e+02
9.639216065406799316e-01
6.080816650390625000e+02
5.975032958984375000e+02
9.240221381187438965e-01
0.000000000000000000e+00
0.000000000000000000e+00
0.000000000000000000e+00
0.000000000000000000e+00
0.000000000000000000e+00
0.000000000000000000e+00
0.000000000000000000e+00
0.000000000000000000e+00
0.000000000000000000e+00
0.000000000000000000e+00
0.000000000000000000e+00
0.000000000000000000e+00
0.000000000000000000e+00
0.000000000000000000e+00
0.000000000000000000e+00
0.000000000000000000e+00
0.000000000000000000e+00
0.000000000000000000e+00
6.799981079101562500e+02
8.740637207031250000e+02
2.236853837966918945e-01
6.372923583984375000e+02
8.519200439453125000e+02
3.538387119770050049e-01
5.914232788085937500e+02
8.361030883789062500e+02
5.548736453056335449e-01
5.661161499023437500e+02
7.965607910156250000e+02
9.423269033432006836e-01
5.645344848632812500e+02
7.696719970703125000e+02
3.583905696868896484e-01
6.151486816406250000e+02
7.364564208984375000e+02
4.019268751144409180e-01
5.676978759765625000e+02
7.016591796875000000e+02
7.857171893119812012e-01
5.645344848632812500e+02
7.301296386718750000e+02
5.821421146392822266e-01
5.692795410156250000e+02
7.601818237304687500e+02
8.676543831825256348e-01
6.404557495117187500e+02
7.412014770507812500e+02
4.825771450996398926e-01
6.088218994140625000e+02
6.874239501953125000e+02
9.628988504409790039e-01
5.914232788085937500e+02
7.285479736328125000e+02
1.017956495285034180e+00
5.803513793945312500e+02
7.665086059570312500e+02
7.432832717895507812e-01
6.736713256835937500e+02
7.459465942382812500e+02
5.096692442893981934e-01
6.420374755859375000e+02
7.064042358398437500e+02
9.579206705093383789e-01
6.167303466796875000e+02
7.380381469726562500e+02
7.568750381469726562e-01
6.040767822265625000e+02
7.759987792968750000e+02
8.470730781555175781e-01
6.989783935546875000e+02
7.522733764648437500e+02
8.016412258148193359e-01
6.657628173828125000e+02
7.332930297851562500e+02
8.720287084579467773e-01
6.404557495117187500e+02
7.506916503906250000e+02
8.003579974174499512e-01
6.167303466796875000e+02
7.728353881835937500e+02
5.078252553939819336e-01
-1.224359416961669922e+01
2.019755371093750000e+03
1.572358980774879456e-02
1.474837493896484375e+02
1.972020751953125000e+03
2.329678833484649658e-02
2.411170196533203125e+02
2.056474365234375000e+03
2.378983795642852783e-02
3.127189331054687500e+02
2.050966552734375000e+03
1.907430775463581085e-02
3.292424316406250000e+02
2.069325927734375000e+03
1.013867463916540146e-02
2.227575531005859375e+02
2.052802490234375000e+03
2.358850650489330292e-02
1.915464630126953125e+02
1.979364624023437500e+03
1.348790246993303299e-02
1.786948394775390625e+02
1.977528564453125000e+03
1.061365008354187012e-02
1.511556396484375000e+02
2.058310302734375000e+03
6.849170196801424026e-03
1.144367141723632812e+02
1.964677001953125000e+03
1.334290765225887299e-02
2.025621337890625000e+02
1.955497314453125000e+03
1.275210455060005188e-02
1.731869964599609375e+02
1.975692626953125000e+03
8.671896532177925110e-03
1.493196868896484375e+02
2.065654052734375000e+03
6.486104335635900497e-03
7.220994567871093750e+01
1.962841064453125000e+03
1.721834577620029449e-02
1.768588867187500000e+02
1.962841064453125000e+03
1.306986249983310699e-02
1.474837493896484375e+02
1.981200561523437500e+03
9.761514142155647278e-03
8.506156921386718750e+01
2.084013427734375000e+03
5.794409196823835373e-03
5.385047912597656250e+01
1.955497314453125000e+03
2.092774584889411926e-02
5.385047912597656250e+01
1.962841064453125000e+03
1.061796210706233978e-02
1.823667297363281250e+02
1.962841064453125000e+03
7.878758944571018219e-03
1.144367141723632812e+02
2.126240234375000000e+03
5.103278439491987228e-03
