4.982073669433593750e+02
6.132710571289062500e+02
8.706964254379272461e-01
4.772080078125000000e+02
9.068362426757812500e+02
8.090171217918395996e-01
2.311243438720703125e+02
9.378584594726562500e+02
7.414903044700622559e-01
1.472773895263671875e+02
1.388540161132812500e+03
5.792871117591857910e-01
1.522967681884765625e+02
1.849427856445312500e+03
5.328240394592285156e-01
7.128727416992187500e+02
8.908630371093750000e+02
6.543956995010375977e-01
9.016196289062500000e+02
1.194745605468750000e+03
7.479735612869262695e-01
6.605703735351562500e+02
8.123923950195312500e+02
6.859895586967468262e-01
4.825660095214843750e+02
1.770911254882812500e+03
4.544443488121032715e-01
3.199478454589843750e+02
1.776135253906250000e+03
4.214993119239807129e-01
0.000000000000000000e+00
0.000000000000000000e+00
0.000000000000000000e+00
0.000000000000000000e+00
0.000000000000000000e+00
0.000000000000000000e+00
6.448723754882812500e+02
1.776075683593750000e+03
4.152084290981292725e-01
0.000000000000000000e+00
0.000000000000000000e+00
0.000000000000000000e+00
0.000000000000000000e+00
0.000000000000000000e+00
0.000000000000000000e+00
4.405259094238281250e+02
5.662501831054687500e+02
9.540458917617797852e-01
5.504464111328125000e+02
5.609426269531250000e+02
8.857005238533020020e-01
3.566236877441406250e+02
6.030675048828125000e+02
9.773554801940917969e-01
6.082802124023437500e+02
5.924237060546875000e+02
8.756048083305358887e-01
0.000000000000000000e+00
0.000000000000000000e+00
0.000000000000000000e+00
0.000000000000000000e+00
0.000000000000000000e+00
0.000000000000000000e+00
0.000000000000000000e+00
0.000000000000000000e+00
0.000000000000000000e+00
0.000000000000000000e+00
0.000000000000000000e+00
0.000000000000000000e+00
0.000000000000000000e+00
0.000000000000000000e+00
0.000000000000000000e+00
0.000000000000000000e+00
0.000000000000000000e+00
0.000000000000000000e+00
6.786696166992187500e+02
8.851915283203125000e+02
1.334265898913145065e-02
4.796939392089843750e+02
5.609348144531250000e+02
1.293340884149074554e-02
5.754970703125000000e+02
7.635952758789062500e+02
3.187487274408340454e-02
5.773394165039062500e+02
7.783341674804687500e+02
9.356411546468734741e-02
5.865512695312500000e+02
7.230631713867187500e+02
1.069845631718635559e-01
5.939207153320312500e+02
7.267479248046875000e+02
3.072420358657836914e-01
5.626004638671875000e+02
6.917429199218750000e+02
7.258621454238891602e-01
5.626004638671875000e+02
7.285902709960937500e+02
5.530486106872558594e-01
5.718123168945312500e+02
7.672799682617187500e+02
5.986515283584594727e-01
6.289257202148437500e+02
7.285902709960937500e+02
3.515165150165557861e-01
5.994478149414062500e+02
6.788463134765625000e+02
7.806723713874816895e-01
5.791817626953125000e+02
7.359597167968750000e+02
5.932979583740234375e-01
5.773394165039062500e+02
7.912307739257812500e+02
4.976951479911804199e-01
6.565612182617187500e+02
7.341173706054687500e+02
4.688189625740051270e-01
6.105020141601562500e+02
6.806887207031250000e+02
5.884066820144653320e-01
6.031325683593750000e+02
7.359597167968750000e+02
7.324594855308532715e-01
6.049749145507812500e+02
7.801765747070312500e+02
7.854760885238647461e-01
6.786696166992187500e+02
7.341173706054687500e+02
7.944248914718627930e-01
6.528764648437500000e+02
7.027971191406250000e+02
7.533982396125793457e-01
6.252409667968750000e+02
7.285902709960937500e+02
5.993930697441101074e-01
6.307680664062500000e+02
7.580681152343750000e+02
4.543518424034118652e-01
2.704343872070312500e+02
2.095457275390625000e+03
1.391104795038700104e-02
1.483169708251953125e+02
1.977097290039062500e+03
2.368722110986709595e-02
2.497683715820312500e+02
2.063518798828125000e+03
2.497181110084056854e-02
3.305537414550781250e+02
2.052246337890625000e+03
1.779882237315177917e-02
3.493410339355468750e+02
2.071033691406250000e+03
1.014973968267440796e-02
2.328598022460937500e+02
2.059761230468750000e+03
2.478382736444473267e-02
2.103150482177734375e+02
2.072912353515625000e+03
1.242658402770757675e-02
1.501957092285156250e+02
2.056003906250000000e+03
1.030899956822395325e-02
1.445595245361328125e+02
2.065397460937500000e+03
7.170075550675392151e-03
1.069849243164062500e+02
1.960188720703125000e+03
1.374874822795391083e-02
1.896490325927734375e+02
1.948916259765625000e+03
9.356260299682617188e-03
1.389233245849609375e+02
2.059761230468750000e+03
8.281813003122806549e-03
1.389233245849609375e+02
2.072912353515625000e+03
7.176193874329328537e-03
8.631890106201171875e+01
1.962067382812500000e+03
1.820572279393672943e-02
1.501957092285156250e+02
1.950795043945312500e+03
1.156712975353002548e-02
1.220147628784179688e+02
2.061640136718750000e+03
9.406760334968566895e-03
8.819763183593750000e+01
2.086063476562500000e+03
6.520508788526058197e-03
6.001668548583984375e+01
1.950795043945312500e+03
2.174082770943641663e-02
5.438049697875976562e+01
1.956431152343750000e+03
1.051825564354658127e-02
9.195508575439453125e+01
2.082306152343750000e+03
7.764549460262060165e-03
1.051061935424804688e+02
2.127395507812500000e+03
5.725057795643806458e-03
