4.875800781250000000e+02
6.134211425781250000e+02
8.698453903198242188e-01
4.823019714355468750e+02
9.118942260742187500e+02
7.757219672203063965e-01
2.311645050048828125e+02
9.380178833007812500e+02
7.408716678619384766e-01
1.471317749023437500e+02
1.399041992187500000e+03
5.996630191802978516e-01
1.473992919921875000e+02
1.844205078125000000e+03
5.667669773101806641e-01
7.284681396484375000e+02
8.959570922851562500e+02
6.476453542709350586e-01
9.067225952148437500e+02
1.189448120117187500e+03
7.358000278472900391e-01
6.864174804687500000e+02
8.542964477539062500e+02
6.948003768920898438e-01
4.825500793457031250e+02
1.765687377929687500e+03
4.341243505477905273e-01
3.199393615722656250e+02
1.770911132812500000e+03
4.020446240901947021e-01
0.000000000000000000e+00
0.000000000000000000e+00
0.000000000000000000e+00
0.000000000000000000e+00
0.000000000000000000e+00
0.000000000000000000e+00
6.448602294921875000e+02
1.770837158203125000e+03
4.035051167011260986e-01
0.000000000000000000e+00
0.000000000000000000e+00
0.000000000000000000e+00
0.000000000000000000e+00
0.000000000000000000e+00
0.000000000000000000e+00
4.352810363769531250e+02
5.664799804687500000e+02
9.258664846420288086e-01
5.348522949218750000e+02
5.610802612304687500e+02
8.912223577499389648e-01
3.565465087890625000e+02
6.080627441406250000e+02
9.725742936134338379e-01
6.030841064453125000e+02
5.923917846679687500e+02
8.442231416702270508e-01
0.000000000000000000e+00
0.000000000000000000e+00
0.000000000000000000e+00
0.000000000000000000e+00
0.000000000000000000e+00
0.000000000000000000e+00
0.000000000000000000e+00
0.000000000000000000e+00
0.000000000000000000e+00
0.000000000000000000e+00
0.000000000000000000e+00
0.000000000000000000e+00
0.000000000000000000e+00
0.000000000000000000e+00
0.000000000000000000e+00
0.000000000000000000e+00
0.000000000000000000e+00
0.000000000000000000e+00
6.791094360351562500e+02
8.303416137695312500e+02
1.634227186441421509e-01
6.300649414062500000e+02
8.532290649414062500e+02
3.617155253887176514e-01
5.842901000976562500e+02
8.777512817382812500e+02
4.667064845561981201e-01
5.417849121093750000e+02
9.039083251953125000e+02
3.448412418365478516e-01
5.009145202636718750e+02
9.333350219726562500e+02
2.600289881229400635e-01
5.842901000976562500e+02
7.731231079101562500e+02
7.526845335960388184e-01
5.597678833007812500e+02
7.208089599609375000e+02
8.014426827430725098e-01
5.417849121093750000e+02
6.783037719726562500e+02
6.535037755966186523e-01
5.254367675781250000e+02
6.341637573242187500e+02
8.024190664291381836e-01
6.300649414062500000e+02
7.584097290039062500e+02
6.985110044479370117e-01
6.202560424804687500e+02
6.717645263671875000e+02
8.126553297042846680e-01
6.153516235351562500e+02
6.243548583984375000e+02
7.911167740821838379e-01
6.120819702148437500e+02
5.736755981445312500e+02
6.404390931129455566e-01
6.676657104492187500e+02
7.584097290039062500e+02
6.109312176704406738e-01
6.742049560546875000e+02
6.815734252929687500e+02
8.013808727264404297e-01
6.791094360351562500e+02
6.325289306640625000e+02
7.641923427581787109e-01
6.807442626953125000e+02
5.883889160156250000e+02
7.473210692405700684e-01
7.118057250976562500e+02
7.731231079101562500e+02
6.885362267494201660e-01
7.395975952148437500e+02
7.273482666015625000e+02
8.024578690528869629e-01
7.559457397460937500e+02
6.979215698242187500e+02
8.289471268653869629e-01
7.755635375976562500e+02
6.701296997070312500e+02
8.283579349517822266e-01
2.472863922119140625e+02
2.085464111328125000e+03
1.292621530592441559e-02
1.529311523437500000e+02
1.972963745117187500e+03
2.348491922020912170e-02
2.382137756347656250e+02
2.054617187500000000e+03
2.430301532149314880e-02
3.126092529296875000e+02
2.047359252929687500e+03
1.881334930658340454e-02
3.271254577636718750e+02
2.069133544921875000e+03
1.015791017562150955e-02
2.218830566406250000e+02
2.047359252929687500e+03
2.267916686832904816e-02
1.946652069091796875e+02
1.969334716796875000e+03
1.210251543670892715e-02
1.565602111816406250e+02
2.052802734375000000e+03
1.009722705930471420e-02
1.438585357666015625e+02
2.058246337890625000e+03
6.470952648669481277e-03
1.910361633300781250e+02
1.967520141601562500e+03
1.466720551252365112e-02
2.019232940673828125e+02
1.953003906250000000e+03
1.028132438659667969e-02
1.347859191894531250e+02
2.052802734375000000e+03
7.800440769642591476e-03
7.127758789062500000e+01
2.069133544921875000e+03
6.202617660164833069e-03
1.674473419189453125e+02
1.980221801757812500e+03
1.777042821049690247e-02
1.946652069091796875e+02
1.945745849609375000e+03
1.124471798539161682e-02
1.184552078247070312e+02
1.987479858398437500e+03
9.236344136297702789e-03
8.035020446777343750e+01
2.078206054687500000e+03
6.020192988216876984e-03
5.131782531738281250e+01
1.954818481445312500e+03
2.048105932772159576e-02
4.587425231933593750e+01
1.960262084960937500e+03
1.083796285092830658e-02
1.166406784057617188e+02
1.989294433593750000e+03
7.969644851982593536e-03
4.587425231933593750e+01
1.985665405273437500e+03
5.543581675738096237e-03
