4.826401367187500000e+02
6.184840087890625000e+02
8.697265982627868652e-01
4.822008666992187500e+02
9.119978637695312500e+02
7.900978326797485352e-01
2.311686401367187500e+02
9.381032104492187500e+02
7.385908365249633789e-01
1.471724700927734375e+02
1.399064575195312500e+03
5.769076943397521973e-01
1.473276977539062500e+02
1.844252807617187500e+03
5.758911371231079102e-01
7.232510375976562500e+02
8.961077880859375000e+02
6.503503918647766113e-01
9.065930786132812500e+02
1.189611816406250000e+03
7.711631059646606445e-01
6.865045166015625000e+02
8.594979248046875000e+02
7.067472338676452637e-01
4.824958496093750000e+02
1.770919311523437500e+03
4.333279728889465332e-01
3.149726867675781250e+02
1.776142089843750000e+03
4.021043479442596436e-01
0.000000000000000000e+00
0.000000000000000000e+00
0.000000000000000000e+00
0.000000000000000000e+00
0.000000000000000000e+00
0.000000000000000000e+00
6.447809448242187500e+02
1.770910156250000000e+03
4.057599902153015137e-01
0.000000000000000000e+00
0.000000000000000000e+00
0.000000000000000000e+00
0.000000000000000000e+00
0.000000000000000000e+00
0.000000000000000000e+00
4.351851196289062500e+02
5.664849853515625000e+02
9.243496656417846680e-01
5.347219238281250000e+02
5.611689453125000000e+02
9.019035100936889648e-01
3.565232238769531250e+02
6.081178588867187500e+02
9.676428437232971191e-01
6.029970703125000000e+02
5.871389770507812500e+02
8.269734978675842285e-01
0.000000000000000000e+00
0.000000000000000000e+00
0.000000000000000000e+00
0.000000000000000000e+00
0.000000000000000000e+00
0.000000000000000000e+00
0.000000000000000000e+00
0.000000000000000000e+00
0.000000000000000000e+00
0.000000000000000000e+00
0.000000000000000000e+00
0.000000000000000000e+00
0.000000000000000000e+00
0.000000000000000000e+00
0.000000000000000000e+00
0.000000000000000000e+00
0.000000000000000000e+00
0.000000000000000000e+00
6.801807250976562500e+02
8.621475219726562500e+02
1.388900279998779297e-01
6.316645507812500000e+02
8.734679565429687500e+02
3.666141629219055176e-01
5.831483764648437500e+02
8.896400146484375000e+02
6.987085938453674316e-01
5.394838256835937500e+02
9.187496948242187500e+02
6.549601554870605469e-01
4.974364624023437500e+02
9.494766235351562500e+02
7.509841918945312500e-01
5.815311889648437500e+02
7.861387939453125000e+02
8.143470287322998047e-01
5.540386962890625000e+02
7.311538085937500000e+02
9.206984639167785645e-01
5.330150146484375000e+02
6.891064453125000000e+02
6.823214292526245117e-01
5.200773315429687500e+02
6.422075195312500000e+02
7.575986981391906738e-01
6.219613037109375000e+02
7.699667358398437500e+02
7.299243807792663574e-01
6.090236816406250000e+02
6.907236938476562500e+02
8.339303135871887207e-01
6.074064331054687500e+02
6.389730834960937500e+02
9.206367135047912598e-01
6.057892456054687500e+02
5.904569091796875000e+02
9.096285104751586914e-01
6.607742309570312500e+02
7.699667358398437500e+02
6.897913217544555664e-01
6.623914794921875000e+02
6.971925048828125000e+02
7.537593841552734375e-01
6.656258544921875000e+02
6.519107055664062500e+02
8.493586182594299316e-01
6.623914794921875000e+02
6.017773437500000000e+02
7.849510312080383301e-01
7.028215942382812500e+02
7.829044189453125000e+02
7.048384547233581543e-01
7.319313354492187500e+02
7.376226196289062500e+02
7.716342210769653320e-01
7.497205810546875000e+02
7.068957519531250000e+02
7.919191122055053711e-01
7.642754516601562500e+02
6.794032592773437500e+02
8.554434180259704590e-01
2.435541076660156250e+02
2.085525390625000000e+03
1.331506203860044479e-02
1.528227996826171875e+02
1.973018676757812500e+03
2.316625788807868958e-02
2.362955932617187500e+02
2.054676757812500000e+03
2.456367388367652893e-02
3.106952819824218750e+02
2.047418334960937500e+03
1.875979825854301453e-02
3.252122802734375000e+02
2.067379150390625000e+03
1.023456826806068420e-02
2.199639587402343750e+02
2.047418334960937500e+03
2.343538776040077209e-02
1.963738250732421875e+02
2.061935302734375000e+03
1.194912008941173553e-02
1.600812988281250000e+02
2.054676757812500000e+03
1.003764476627111435e-02
4.031597900390625000e+01
2.069193847656250000e+03
6.361639592796564102e-03
1.909299468994140625e+02
1.969389404296875000e+03
1.475472189486026764e-02
2.054469604492187500e+02
1.954872314453125000e+03
9.832851588726043701e-03
1.328619079589843750e+02
2.049232910156250000e+03
7.732647471129894257e-03
5.846223831176757812e+01
2.067379150390625000e+03
6.196724716573953629e-03
6.934999847412109375e+01
1.963945434570312500e+03
1.967812515795230865e-02
1.963738250732421875e+02
1.949428466796875000e+03
1.102578639984130859e-02
1.001986389160156250e+02
2.041974365234375000e+03
9.390545077621936798e-03
7.660849761962890625e+01
2.076452392578125000e+03
5.978278350085020065e-03
5.120373535156250000e+01
1.954872314453125000e+03
2.313411794602870941e-02
4.938911056518554688e+01
1.965760131835937500e+03
1.072079874575138092e-02
9.838401031494140625e+01
2.034715942382812500e+03
8.231410756707191467e-03
4.757448196411132812e+01
1.989350219726562500e+03
5.703457631170749664e-03
