5.033652343750000000e+02
6.132711181640625000e+02
8.714751601219177246e-01
4.822281494140625000e+02
9.171412353515625000e+02
8.040602803230285645e-01
2.310795440673828125e+02
9.379218750000000000e+02
7.457146048545837402e-01
1.472727203369140625e+02
1.388516723632812500e+03
5.950646996498107910e-01
1.523044586181640625e+02
1.854649414062500000e+03
5.411976575851440430e-01
7.233043212890625000e+02
8.961784057617187500e+02
6.709156036376953125e-01
9.015911865234375000e+02
1.205310180664062500e+03
7.029975652694702148e-01
6.554212036132812500e+02
8.123999633789062500e+02
7.003554701805114746e-01
4.876218261718750000e+02
1.781317016601562500e+03
4.432238936424255371e-01
3.200484924316406250e+02
1.781399658203125000e+03
4.067615270614624023e-01
0.000000000000000000e+00
0.000000000000000000e+00
0.000000000000000000e+00
0.000000000000000000e+00
0.000000000000000000e+00
0.000000000000000000e+00
6.499246826171875000e+02
1.781369140625000000e+03
4.201081097126007080e-01
0.000000000000000000e+00
0.000000000000000000e+00
0.000000000000000000e+00
0.000000000000000000e+00
0.000000000000000000e+00
0.000000000000000000e+00
4.406427917480468750e+02
5.663017578125000000e+02
9.482138156890869141e-01
5.555553588867187500e+02
5.609038696289062500e+02
8.898099660873413086e-01
3.567331848144531250e+02
6.079246215820312500e+02
9.686255455017089844e-01
6.132929077148437500e+02
5.975720825195312500e+02
8.915250897407531738e-01
0.000000000000000000e+00
0.000000000000000000e+00
0.000000000000000000e+00
0.000000000000000000e+00
0.000000000000000000e+00
0.000000000000000000e+00
0.000000000000000000e+00
0.000000000000000000e+00
0.000000000000000000e+00
0.000000000000000000e+00
0.000000000000000000e+00
0.000000000000000000e+00
0.000000000000000000e+00
0.000000000000000000e+00
0.000000000000000000e+00
0.000000000000000000e+00
0.000000000000000000e+00
0.000000000000000000e+00
6.724603271484375000e+02
8.849597167968750000e+02
4.047970473766326904e-02
6.403319091796875000e+02
8.849597167968750000e+02
1.153126917779445648e-02
5.798548583984375000e+02
7.734552001953125000e+02
2.701466716825962067e-02
5.685153808593750000e+02
7.791248779296875000e+02
3.039723038673400879e-01
5.647355957031250000e+02
7.942441406250000000e+02
1.323052942752838135e-01
6.025337524414062500e+02
7.375469360351562500e+02
2.620944678783416748e-01
5.685153808593750000e+02
7.035286254882812500e+02
8.407225012779235840e-01
5.685153808593750000e+02
7.432166748046875000e+02
3.528800606727600098e-01
5.817447509765625000e+02
7.810148315429687500e+02
4.047073423862457275e-01
6.384419555664062500e+02
7.394368286132812500e+02
3.763573765754699707e-01
5.987539062500000000e+02
6.884093627929687500e+02
7.299156188964843750e-01
5.817447509765625000e+02
7.451065673828125000e+02
6.250094771385192871e-01
5.836346435546875000e+02
7.866845092773437500e+02
5.050024390220642090e-01
6.592309570312500000e+02
7.469964599609375000e+02
5.475971698760986328e-01
6.138731689453125000e+02
6.902992553710937500e+02
7.358453273773193359e-01
6.063135375976562500e+02
7.375469360351562500e+02
7.381162643432617188e-01
6.100933837890625000e+02
7.829047241210937500e+02
7.960212230682373047e-01
6.856896362304687500e+02
7.413267211914062500e+02
7.565433979034423828e-01
6.554511718750000000e+02
7.054185180664062500e+02
7.872228026390075684e-01
6.308823242187500000e+02
7.337671508789062500e+02
5.984615683555603027e-01
6.422218017578125000e+02
7.640056152343750000e+02
5.847989916801452637e-01
2.527705383300781250e+02
2.103478515625000000e+03
1.389444246888160706e-02
1.482646026611328125e+02
1.974271240234375000e+03
2.472106181085109711e-02
2.470702209472656250e+02
2.061676269531250000e+03
2.392963506281375885e-02
2.907727050781250000e+02
2.025574096679687500e+03
1.913634687662124634e-02
3.420756225585937500e+02
2.080677246093750000e+03
9.960400871932506561e-03
2.337694702148437500e+02
2.061676269531250000e+03
2.405861020088195801e-02
2.052678527832031250e+02
2.050275634765625000e+03
1.250101439654827118e-02
1.596652526855468750e+02
2.046475341796875000e+03
1.062721852213144302e-02
1.501647186279296875e+02
2.059776123046875000e+03
7.219595368951559067e-03
1.862667694091796875e+02
1.989472045898437500e+03
1.390406768769025803e-02
1.862667694091796875e+02
1.983771728515625000e+03
9.754016995429992676e-03
1.482646026611328125e+02
2.052175537109375000e+03
8.220336399972438812e-03
1.463645019531250000e+02
2.065476318359375000e+03
6.959142629057168961e-03
7.796060943603515625e+01
1.964770629882812500e+03
1.921587064862251282e-02
1.634654693603515625e+02
1.957170166015625000e+03
1.183243189007043839e-02
1.254633102416992188e+02
2.059776123046875000e+03
9.116061963140964508e-03
8.746115112304687500e+01
2.090177734375000000e+03
5.895922891795635223e-03
5.705942535400390625e+01
1.955270141601562500e+03
2.384985610842704773e-02
5.135910034179687500e+01
1.966670776367187500e+03
1.082448568195104599e-02
9.696169281005859375e+01
2.084477539062500000e+03
7.532523479312658310e-03
1.064622344970703125e+02
2.135780273437500000e+03
5.478390492498874664e-03
