4.927839050292968750e+02
6.134273071289062500e+02
8.726066350936889648e-01
4.823902587890625000e+02
9.223322753906250000e+02
7.936500906944274902e-01
2.310881805419921875e+02
9.381685180664062500e+02
7.528112530708312988e-01
1.471755065917968750e+02
1.399045654296875000e+03
6.005095839500427246e-01
1.473126220703125000e+02
1.854625976562500000e+03
5.673580169677734375e-01
7.285380859375000000e+02
8.963271484375000000e+02
7.307916879653930664e-01
9.066343383789062500e+02
1.184266357421875000e+03
7.214963436126708984e-01
6.813167724609375000e+02
8.596646728515625000e+02
6.818485856056213379e-01
4.825814514160156250e+02
1.786570678710937500e+03
4.704364538192749023e-01
3.200328369140625000e+02
1.786603027343750000e+03
4.206972420215606689e-01
0.000000000000000000e+00
0.000000000000000000e+00
0.000000000000000000e+00
0.000000000000000000e+00
0.000000000000000000e+00
0.000000000000000000e+00
6.448976440429687500e+02
1.786608398437500000e+03
4.316289722919464111e-01
0.000000000000000000e+00
0.000000000000000000e+00
0.000000000000000000e+00
0.000000000000000000e+00
0.000000000000000000e+00
0.000000000000000000e+00
4.402981872558593750e+02
5.664164428710937500e+02
9.358713626861572266e-01
5.400695800781250000e+02
5.611600952148437500e+02
8.789718151092529297e-01
3.566180114746093750e+02
6.080558471679687500e+02
9.721708893775939941e-01
6.080815429687500000e+02
5.975956420898437500e+02
9.288027286529541016e-01
0.000000000000000000e+00
0.000000000000000000e+00
0.000000000000000000e+00
0.000000000000000000e+00
0.000000000000000000e+00
0.000000000000000000e+00
0.000000000000000000e+00
0.000000000000000000e+00
0.000000000000000000e+00
0.000000000000000000e+00
0.000000000000000000e+00
0.000000000000000000e+00
0.000000000000000000e+00
0.000000000000000000e+00
0.000000000000000000e+00
0.000000000000000000e+00
0.000000000000000000e+00
0.000000000000000000e+00
6.891035156250000000e+02
8.878380126953125000e+02
2.204212844371795654e-01
6.423955688476562500e+02
8.620681762695312500e+02
3.789066076278686523e-01
5.940770263671875000e+02
8.459619750976562500e+02
4.739446341991424561e-01
5.634752807617187500e+02
8.089177856445312500e+02
9.999312162399291992e-01
5.666965332031250000e+02
7.831478881835937500e+02
3.880534172058105469e-01
6.150150756835937500e+02
7.541567382812500000e+02
4.536227285861968994e-01
5.731390380859375000e+02
7.187231445312500000e+02
8.184243440628051758e-01
5.634752807617187500e+02
7.444930419921875000e+02
5.691156387329101562e-01
5.699177856445312500e+02
7.734841918945312500e+02
6.724736094474792480e-01
6.407849731445312500e+02
7.509354858398437500e+02
5.323845744132995605e-01
6.117938232421875000e+02
7.042276000976562500e+02
9.917421340942382812e-01
5.892451782226562500e+02
7.428824462890625000e+02
9.499318003654479980e-01
5.811920776367187500e+02
7.831478881835937500e+02
7.948659658432006836e-01
6.729973144531250000e+02
7.573779907226562500e+02
5.811383128166198730e-01
6.423955688476562500e+02
7.203338012695312500e+02
8.895285129547119141e-01
6.150150756835937500e+02
7.573779907226562500e+02
6.375418901443481445e-01
6.053513793945312500e+02
7.960328369140625000e+02
6.619340181350708008e-01
6.939353637695312500e+02
7.702629394531250000e+02
8.527634143829345703e-01
6.649442138671875000e+02
7.525461425781250000e+02
8.052044510841369629e-01
6.391743164062500000e+02
7.686522827148437500e+02
8.470667004585266113e-01
6.166256713867187500e+02
7.960328369140625000e+02
7.199352979660034180e-01
2.587769775390625000e+02
2.090388916015625000e+03
1.252629701048135757e-02
1.362159576416015625e+02
1.973398803710937500e+03
2.285333164036273956e-02
2.513490447998046875e+02
2.056963134765625000e+03
2.180427685379981995e-02
3.182005004882812500e+02
2.053249023437500000e+03
1.799803599715232849e-02
3.311994018554687500e+02
2.071819091796875000e+03
9.962940588593482971e-03
2.272082366943359375e+02
2.053249023437500000e+03
2.111439593136310577e-02
1.937825012207031250e+02
1.977112670898437500e+03
1.633927598595619202e-02
1.807835998535156250e+02
1.975255737304687500e+03
1.138661336153745651e-02
1.640707397460937500e+02
1.986397705078125000e+03
7.060137577354907990e-03
2.030674285888671875e+02
1.960399902343750000e+03
1.414046157151460648e-02
2.067814025878906250e+02
1.967827758789062500e+03
1.717969588935375214e-02
1.770696411132812500e+02
1.978969726562500000e+03
9.478908032178878784e-03
1.529288330078125000e+02
2.064391113281250000e+03
6.526665762066841125e-03
8.422037506103515625e+01
1.960399902343750000e+03
1.549168769270181656e-02
2.030674285888671875e+02
1.960399902343750000e+03
1.522768381983041763e-02
2.049244079589843750e+02
1.964113891601562500e+03
1.016871258616447449e-02
1.213600769042968750e+02
2.082960937500000000e+03
5.783128086477518082e-03
4.893765640258789062e+01
1.956685913085937500e+03
1.802784390747547150e-02
2.699188842773437500e+02
1.956685913085937500e+03
1.088455971330404282e-02
1.974964752197265625e+02
1.954828857421875000e+03
8.331416174769401550e-03
1.102181701660156250e+02
2.114529541015625000e+03
5.057357251644134521e-03
