4.876231384277343750e+02
6.135116577148437500e+02
8.760153055191040039e-01
4.823589172363281250e+02
9.223455200195312500e+02
8.063377141952514648e-01
2.361422576904296875e+02
9.380585327148437500e+02
7.501422166824340820e-01
1.472439575195312500e+02
1.399021850585937500e+03
5.986806154251098633e-01
1.473965301513671875e+02
1.854588745117187500e+03
5.801157355308532715e-01
7.284953002929687500e+02
8.962409057617187500e+02
7.407360076904296875e-01
9.067254638671875000e+02
1.158200317382812500e+03
6.985270380973815918e-01
6.554040527343750000e+02
8.540748901367187500e+02
7.051625847816467285e-01
4.826126403808593750e+02
1.781360229492187500e+03
4.635036587715148926e-01
3.199728698730468750e+02
1.781382080078125000e+03
4.294395744800567627e-01
0.000000000000000000e+00
0.000000000000000000e+00
0.000000000000000000e+00
0.000000000000000000e+00
0.000000000000000000e+00
0.000000000000000000e+00
6.498801879882812500e+02
1.786583618164062500e+03
4.262302219867706299e-01
0.000000000000000000e+00
0.000000000000000000e+00
0.000000000000000000e+00
0.000000000000000000e+00
0.000000000000000000e+00
0.000000000000000000e+00
4.354388732910156250e+02
5.713411254882812500e+02
9.386590123176574707e-01
5.399880981445312500e+02
5.611775512695312500e+02
8.841282129287719727e-01
3.566178588867187500e+02
6.080656738281250000e+02
9.674518108367919922e-01
6.081961059570312500e+02
5.974403686523437500e+02
8.890171051025390625e-01
0.000000000000000000e+00
0.000000000000000000e+00
0.000000000000000000e+00
0.000000000000000000e+00
0.000000000000000000e+00
0.000000000000000000e+00
0.000000000000000000e+00
0.000000000000000000e+00
0.000000000000000000e+00
0.000000000000000000e+00
0.000000000000000000e+00
0.000000000000000000e+00
0.000000000000000000e+00
0.000000000000000000e+00
0.000000000000000000e+00
0.000000000000000000e+00
0.000000000000000000e+00
0.000000000000000000e+00
6.576995849609375000e+02
8.502020874023437500e+02
1.746922731399536133e-01
6.174960327148437500e+02
8.502020874023437500e+02
3.191754221916198730e-01
5.789005737304687500e+02
8.437695312500000000e+02
5.553764700889587402e-01
5.563865966796875000e+02
8.260799560546875000e+02
7.147693037986755371e-01
5.338725585937500000e+02
8.083903808593750000e+02
6.963105201721191406e-01
5.853331298828125000e+02
7.408483886718750000e+02
7.511412501335144043e-01
5.740761718750000000e+02
6.942122192382812500e+02
7.292545437812805176e-01
5.644273071289062500e+02
6.716982421875000000e+02
7.100111842155456543e-01
5.531702880859375000e+02
6.556168212890625000e+02
7.529703378677368164e-01
6.255367431640625000e+02
7.328076782226562500e+02
7.797189950942993164e-01
6.191041259765625000e+02
6.700900878906250000e+02
7.067375779151916504e-01
6.094553222656250000e+02
6.540086669921875000e+02
6.055461168289184570e-01
6.271448364257812500e+02
6.540086669921875000e+02
4.511049985885620117e-01
6.609158325195312500e+02
7.360239257812500000e+02
6.114993095397949219e-01
6.576995849609375000e+02
6.813471069335937500e+02
6.806622147560119629e-01
6.512670288085937500e+02
6.588330688476562500e+02
8.111307621002197266e-01
6.416181640625000000e+02
6.491842041015625000e+02
6.620681285858154297e-01
6.946868286132812500e+02
7.521053466796875000e+02
7.077521085739135742e-01
6.962949829101562500e+02
7.086854858398437500e+02
7.511859536170959473e-01
6.930787353515625000e+02
6.974285278320312500e+02
7.828633785247802734e-01
6.721728515625000000e+02
7.054692382812500000e+02
6.945949196815490723e-01
2.570057983398437500e+02
2.090344726562500000e+03
1.265564002096652985e-02
1.418760986328125000e+02
1.971501098632812500e+03
2.171690016984939575e-02
2.532919311523437500e+02
2.058776855468750000e+03
2.187976427376270294e-02
3.201414184570312500e+02
2.055062988281250000e+03
1.801175996661186218e-02
3.312830200195312500e+02
2.071775390625000000e+03
1.003120746463537216e-02
2.272949066162109375e+02
2.053206054687500000e+03
2.088280208408832550e-02
1.920132293701171875e+02
1.969644165039062500e+03
1.728629320859909058e-02
1.827285766601562500e+02
1.967787231445312500e+03
1.199245918542146683e-02
1.641592712402343750e+02
1.982642700195312500e+03
7.486533839255571365e-03
2.050117340087890625e+02
1.964073364257812500e+03
1.427521184086799622e-02
1.975840148925781250e+02
1.964073364257812500e+03
1.858907751739025116e-02
1.901562957763671875e+02
1.965930297851562500e+03
9.985623881220817566e-03
1.530176849365234375e+02
2.058776855468750000e+03
6.579072680324316025e-03
8.802511596679687500e+01
1.958502563476562500e+03
1.672126911580562592e-02
1.957270812988281250e+02
1.954788696289062500e+03
1.614861562848091125e-02
1.957270812988281250e+02
1.960359497070312500e+03
1.063869334757328033e-02
1.214498672485351562e+02
2.073632324218750000e+03
5.742963403463363647e-03
4.902957916259765625e+01
1.954788696289062500e+03
1.950258389115333557e-02
1.864424285888671875e+02
1.947360961914062500e+03
1.090504229068756104e-02
1.901562957763671875e+02
1.951074829101562500e+03
8.850410580635070801e-03
1.288775939941406250e+02
2.003068847656250000e+03
5.146560259163379669e-03
