4.875520629882812500e+02
6.135110473632812500e+02
8.697435855865478516e-01
4.823330078125000000e+02
9.171661376953125000e+02
7.888633608818054199e-01
2.311382141113281250e+02
9.381264648437500000e+02
7.433368563652038574e-01
1.471645965576171875e+02
1.398961425781250000e+03
5.867893099784851074e-01
1.473247833251953125e+02
1.844175537109375000e+03
5.731443166732788086e-01
7.284503784179687500e+02
8.962955932617187500e+02
6.697075963020324707e-01
9.066722412109375000e+02
1.189362548828125000e+03
7.404096722602844238e-01
6.917499389648437500e+02
8.596171264648437500e+02
7.114025950431823730e-01
4.825306396484375000e+02
1.770893066406250000e+03
4.349066317081451416e-01
3.149741210937500000e+02
1.776133300781250000e+03
4.011688828468322754e-01
0.000000000000000000e+00
0.000000000000000000e+00
0.000000000000000000e+00
0.000000000000000000e+00
0.000000000000000000e+00
0.000000000000000000e+00
6.447966918945312500e+02
1.770911499023437500e+03
4.032739102840423584e-01
0.000000000000000000e+00
0.000000000000000000e+00
0.000000000000000000e+00
0.000000000000000000e+00
0.000000000000000000e+00
0.000000000000000000e+00
4.351971435546875000e+02
5.713320312500000000e+02
9.209975600242614746e-01
5.347398071289062500e+02
5.611343994140625000e+02
8.995908498764038086e-01
3.565451965332031250e+02
6.081013793945312500e+02
9.679124951362609863e-01
6.029813232421875000e+02
5.871152954101562500e+02
8.491774797439575195e-01
0.000000000000000000e+00
0.000000000000000000e+00
0.000000000000000000e+00
0.000000000000000000e+00
0.000000000000000000e+00
0.000000000000000000e+00
0.000000000000000000e+00
0.000000000000000000e+00
0.000000000000000000e+00
0.000000000000000000e+00
0.000000000000000000e+00
0.000000000000000000e+00
0.000000000000000000e+00
0.000000000000000000e+00
0.000000000000000000e+00
0.000000000000000000e+00
0.000000000000000000e+00
0.000000000000000000e+00
6.785825805664062500e+02
8.486672363281250000e+02
1.498921811580657959e-01
6.288473510742187500e+02
8.679195556640625000e+02
3.655182719230651855e-01
5.871339111328125000e+02
8.855675048828125000e+02
6.562409400939941406e-01
5.406074218750000000e+02
9.208634643554687500e+02
6.621186137199401855e-01
5.004984130859375000e+02
9.513463745117187500e+02
7.366142868995666504e-01
5.791121215820312500e+02
7.844927368164062500e+02
7.652435302734375000e-01
5.550466918945312500e+02
7.315488281250000000e+02
9.073266983032226562e-01
5.373987426757812500e+02
6.898353881835937500e+02
6.943208575248718262e-01
5.245638427734375000e+02
6.433088989257812500e+02
8.424933552742004395e-01
6.256386108398437500e+02
7.700534667968750000e+02
7.309480309486389160e-01
6.144080810546875000e+02
6.850223388671875000e+02
8.074592947959899902e-01
6.111993408203125000e+02
6.368914794921875000e+02
8.628299236297607422e-01
6.047819213867187500e+02
5.887606201171875000e+02
8.713936209678649902e-01
6.657476806640625000e+02
7.684490966796875000e+02
6.728236675262451172e-01
6.673519897460937500e+02
6.946484985351562500e+02
7.417546510696411133e-01
6.689563598632812500e+02
6.481220092773437500e+02
8.187324404716491699e-01
6.673519897460937500e+02
6.015955200195312500e+02
7.780408859252929688e-01
7.074610595703125000e+02
7.812839965820312500e+02
7.036962509155273438e-01
7.363395996093750000e+02
7.363618774414062500e+02
7.603073120117187500e-01
7.555919189453125000e+02
7.058790283203125000e+02
7.956259250640869141e-01
7.700311889648437500e+02
6.786048583984375000e+02
8.564481735229492188e-01
2.453731384277343750e+02
2.085462158203125000e+03
1.329721510410308838e-02
1.528218383789062500e+02
1.971134155273437500e+03
2.341141179203987122e-02
2.381142272949218750e+02
2.054611816406250000e+03
2.458789572119712830e-02
3.125182189941406250e+02
2.049167480468750000e+03
1.874771714210510254e-02
3.252213439941406250e+02
2.067314941406250000e+03
1.020060572773218155e-02
2.199669036865234375e+02
2.047352783203125000e+03
2.349151112139225006e-02
1.981901245117187500e+02
1.969319335937500000e+03
1.204528659582138062e-02
1.618954925537109375e+02
2.054611816406250000e+03
1.009004935622215271e-02
1.437481689453125000e+02
2.058241210937500000e+03
6.457213778048753738e-03
1.927459259033203125e+02
1.967504638671875000e+03
1.469453889876604080e-02
2.054490509033203125e+02
1.954801513671875000e+03
1.042923238128423691e-02
1.346745147705078125e+02
2.052797119140625000e+03
7.778380997478961945e-03
7.297364807128906250e+01
2.069129638671875000e+03
6.235807202756404877e-03
6.934417724609375000e+01
1.963875244140625000e+03
1.931862905621528625e-02
1.963753967285156250e+02
1.949357299804687500e+03
1.139629073441028595e-02
1.020093536376953125e+02
2.043723388671875000e+03
9.317302145063877106e-03
7.660310363769531250e+01
2.076388427734375000e+03
5.990703124552965164e-03
5.301159667968750000e+01
1.954801513671875000e+03
2.289083413779735565e-02
4.938213348388671875e+01
1.963875244140625000e+03
1.067184098064899445e-02
9.837988281250000000e+01
2.038279174804687500e+03
8.090473711490631104e-03
4.938213348388671875e+01
1.987466674804687500e+03
5.602142307907342911e-03
