4.876882629394531250e+02
6.134092407226562500e+02
8.635153770446777344e-01
4.823013305664062500e+02
9.170409545898437500e+02
7.618767023086547852e-01
2.361453552246093750e+02
9.380938110351562500e+02
7.367343902587890625e-01
1.471376647949218750e+02
1.404155151367187500e+03
5.822544693946838379e-01
1.523316192626953125e+02
1.854702880859375000e+03
5.662776231765747070e-01
7.233469848632812500e+02
8.960908203125000000e+02
5.981082916259765625e-01
9.066152343750000000e+02
1.189466308593750000e+03
7.464127540588378906e-01
6.917594604492187500e+02
8.544462890625000000e+02
6.934634447097778320e-01
4.825470581054687500e+02
1.776203247070312500e+03
4.446026384830474854e-01
3.149681091308593750e+02
1.781394042968750000e+03
4.062907993793487549e-01
0.000000000000000000e+00
0.000000000000000000e+00
0.000000000000000000e+00
0.000000000000000000e+00
0.000000000000000000e+00
0.000000000000000000e+00
6.448834228515625000e+02
1.781314575195312500e+03
4.179921746253967285e-01
0.000000000000000000e+00
0.000000000000000000e+00
0.000000000000000000e+00
0.000000000000000000e+00
0.000000000000000000e+00
0.000000000000000000e+00
4.352896423339843750e+02
5.664863281250000000e+02
9.252123832702636719e-01
5.348489379882812500e+02
5.610109252929687500e+02
8.956190347671508789e-01
3.565445556640625000e+02
6.080698852539062500e+02
9.705652594566345215e-01
6.079236450195312500e+02
5.923983764648437500e+02
8.217160701751708984e-01
0.000000000000000000e+00
0.000000000000000000e+00
0.000000000000000000e+00
0.000000000000000000e+00
0.000000000000000000e+00
0.000000000000000000e+00
0.000000000000000000e+00
0.000000000000000000e+00
0.000000000000000000e+00
0.000000000000000000e+00
0.000000000000000000e+00
0.000000000000000000e+00
0.000000000000000000e+00
0.000000000000000000e+00
0.000000000000000000e+00
0.000000000000000000e+00
0.000000000000000000e+00
0.000000000000000000e+00
6.630360717773437500e+02
7.925577392578125000e+02
9.909308701753616333e-02
6.257238769531250000e+02
8.509594116210937500e+02
1.985492259263992310e-01
5.867893676757812500e+02
8.623153076171875000e+02
1.677248179912567139e-01
5.656998901367187500e+02
8.623153076171875000e+02
7.134082168340682983e-02
5.202763671875000000e+02
7.098220214843750000e+02
6.233763694763183594e-02
5.851671142578125000e+02
7.617346191406250000e+02
7.045296430587768555e-01
5.608330688476562500e+02
7.114442749023437500e+02
8.510357737541198730e-01
5.397435913085937500e+02
6.725098266601562500e+02
7.533483505249023438e-01
5.235208740234375000e+02
6.351976318359375000e+02
8.686062693595886230e-01
6.289683837890625000e+02
7.422673950195312500e+02
6.705276966094970703e-01
6.159902343750000000e+02
6.611539306640625000e+02
7.226258516311645508e-01
6.127457275390625000e+02
6.124858398437500000e+02
8.125191330909729004e-01
6.143679809570312500e+02
5.557064208984375000e+02
8.063437938690185547e-01
6.679028320312500000e+02
7.422673950195312500e+02
6.088304519653320312e-01
6.792587280273437500e+02
6.708875122070312500e+02
7.298465371131896973e-01
6.776364746093750000e+02
6.205971679687500000e+02
7.599544525146484375e-01
6.776364746093750000e+02
5.767958984375000000e+02
7.893868088722229004e-01
7.100818481445312500e+02
7.601123657226562500e+02
6.761448979377746582e-01
7.392827148437500000e+02
7.130665283203125000e+02
7.765019536018371582e-01
7.555054321289062500e+02
6.854879760742187500e+02
8.133832216262817383e-01
7.717280883789062500e+02
6.579093627929687500e+02
8.593742847442626953e-01
2.660778198242187500e+02
2.095213378906250000e+03
1.365039963275194168e-02
1.411894531250000000e+02
1.970324951171875000e+03
2.282831817865371704e-02
1.007843933105468750e+02
2.040115600585937500e+03
2.434276603162288666e-02
3.211756591796875000e+02
2.051135009765625000e+03
1.868002489209175110e-02
3.432147827148437500e+02
2.071337646484375000e+03
9.935108944773674011e-03
2.330191497802734375e+02
2.056645019531250000e+03
2.416105009615421295e-02
1.907774963378906250e+02
1.975834838867187500e+03
1.590394228696823120e-02
1.815945281982421875e+02
1.968488403320312500e+03
1.160862762480974197e-02
1.503724212646484375e+02
2.056645019531250000e+03
7.246680557727813721e-03
1.852677154541015625e+02
1.983181152343750000e+03
1.436412148177623749e-02
1.871043090820312500e+02
1.959305419921875000e+03
1.614818349480628967e-02
1.779213409423828125e+02
1.972161621093750000e+03
9.673024527728557587e-03
1.503724212646484375e+02
2.063991210937500000e+03
7.194371894001960754e-03
8.058186340332031250e+01
1.959305419921875000e+03
1.721374318003654480e-02
1.724115600585937500e+02
1.961142089843750000e+03
1.526393555104732513e-02
1.760847473144531250e+02
1.966651855468750000e+03
1.045315060764551163e-02
1.026209869384765625e+02
2.082357177734375000e+03
5.820253863930702209e-03
5.670614624023437500e+01
1.951959106445312500e+03
2.202725596725940704e-02
2.697510070800781250e+02
1.959305419921875000e+03
1.030448172241449356e-02
1.852677154541015625e+02
1.957468872070312500e+03
8.368127048015594482e-03
1.173137435913085938e+02
2.128271972656250000e+03
5.255635827779769897e-03
