4.877156677246093750e+02
6.135264282226562500e+02
8.606145977973937988e-01
4.825104064941406250e+02
9.223994140625000000e+02
7.870383262634277344e-01
2.361219635009765625e+02
9.381201171875000000e+02
7.402925491333007812e-01
1.471537322998046875e+02
1.404310913085937500e+03
5.796542763710021973e-01
1.473767547607421875e+02
1.849453979492187500e+03
5.851392149925231934e-01
7.336527099609375000e+02
9.013402709960937500e+02
7.048871517181396484e-01
9.066247558593750000e+02
1.179052124023437500e+03
6.985098123550415039e-01
6.657335205078125000e+02
8.646610107421875000e+02
6.778501272201538086e-01
4.875626525878906250e+02
1.776202880859375000e+03
4.582856595516204834e-01
3.200713806152343750e+02
1.781378051757812500e+03
4.300036728382110596e-01
0.000000000000000000e+00
0.000000000000000000e+00
0.000000000000000000e+00
0.000000000000000000e+00
0.000000000000000000e+00
0.000000000000000000e+00
6.499121093750000000e+02
1.781373779296875000e+03
4.272714257240295410e-01
0.000000000000000000e+00
0.000000000000000000e+00
0.000000000000000000e+00
0.000000000000000000e+00
0.000000000000000000e+00
0.000000000000000000e+00
4.353862609863281250e+02
5.713316650390625000e+02
9.409610629081726074e-01
5.399215087890625000e+02
5.611605834960937500e+02
8.925017118453979492e-01
3.565102844238281250e+02
6.080630493164062500e+02
9.681738018989562988e-01
6.081904296875000000e+02
5.923107910156250000e+02
8.428434133529663086e-01
0.000000000000000000e+00
0.000000000000000000e+00
0.000000000000000000e+00
0.000000000000000000e+00
0.000000000000000000e+00
0.000000000000000000e+00
0.000000000000000000e+00
0.000000000000000000e+00
0.000000000000000000e+00
0.000000000000000000e+00
0.000000000000000000e+00
0.000000000000000000e+00
0.000000000000000000e+00
0.000000000000000000e+00
0.000000000000000000e+00
0.000000000000000000e+00
0.000000000000000000e+00
0.000000000000000000e+00
6.669598999023437500e+02
8.803782958984375000e+02
2.616502642631530762e-01
6.201420288085937500e+02
8.755350952148437500e+02
3.856034576892852783e-01
5.749385375976562500e+02
8.706918334960937500e+02
6.105691790580749512e-01
5.281206054687500000e+02
8.706918334960937500e+02
5.241453051567077637e-01
4.926036071777343750e+02
8.819926757812500000e+02
5.001618266105651855e-01
5.813961791992187500e+02
7.657551879882812500e+02
8.433390855789184570e-01
5.555656127929687500e+02
7.027931518554687500e+02
8.715268373489379883e-01
5.426503295898437500e+02
6.640473022460937500e+02
7.554105520248413086e-01
5.265062255859375000e+02
6.285302734375000000e+02
8.062822818756103516e-01
6.249852294921875000e+02
7.512254638671875000e+02
7.533819675445556641e-01
6.120699462890625000e+02
6.688905639648437500e+02
7.847236990928649902e-01
6.023834838867187500e+02
6.253014526367187500e+02
8.954374790191650391e-01
5.926970214843750000e+02
5.865556030273437500e+02
8.031299710273742676e-01
6.588878784179687500e+02
7.528399047851562500e+02
6.982996463775634766e-01
6.588878784179687500e+02
6.834202270507812500e+02
8.491687178611755371e-01
6.572734375000000000e+02
6.382167358398437500e+02
9.204604029655456543e-01
6.475869750976562500e+02
5.946276855468750000e+02
7.342365384101867676e-01
6.976337280273437500e+02
7.657551879882812500e+02
7.871909141540527344e-01
7.202354736328125000e+02
7.189372558593750000e+02
6.795018315315246582e-01
7.283074951171875000e+02
6.914923095703125000e+02
7.532221674919128418e-01
7.363795776367187500e+02
6.624329223632812500e+02
8.644121289253234863e-01
-1.947833442687988281e+01
2.016310058593750000e+03
2.049811370670795441e-02
6.580044555664062500e+01
2.003609008789062500e+03
2.545241639018058777e-02
2.454302215576171875e+02
2.054413330078125000e+03
2.631743066012859344e-02
2.799046325683593750e+02
2.018124511718750000e+03
2.285376749932765961e-02
3.270801086425781250e+02
2.067114501953125000e+03
1.005629915744066238e-02
2.218424682617187500e+02
2.050784423828125000e+03
2.589560672640800476e-02
2.109558258056640625e+02
2.068928955078125000e+03
1.358541566878557205e-02
1.819247436523437500e+02
2.050784423828125000e+03
1.060943212360143661e-02
1.492647857666015625e+02
2.059856689453125000e+03
7.129625417292118073e-03
1.873680725097656250e+02
2.016310058593750000e+03
1.449849363416433334e-02
1.964402770996093750e+02
2.070743408203125000e+03
1.021944824606180191e-02
1.601514434814453125e+02
2.054413330078125000e+03
8.339036256074905396e-03
1.365636901855468750e+02
2.063485595703125000e+03
7.119632326066493988e-03
8.213042449951171875e+01
1.967320190429687500e+03
1.955856382846832275e-02
1.728525390625000000e+02
1.963691284179687500e+03
1.112878229469060898e-02
1.438214569091796875e+02
2.014495727539062500e+03
1.003358606249094009e-02
8.031598663330078125e+01
2.081630126953125000e+03
6.769848521798849106e-03
5.128490829467773438e+01
1.947361328125000000e+03
2.253783494234085083e-02
2.000691680908203125e+02
1.960062377929687500e+03
1.074308808892965317e-02
1.329348144531250000e+02
2.010866821289062500e+03
8.063617162406444550e-03
1.111614990234375000e+02
2.132434326171875000e+03
5.708865821361541748e-03
