4.876250305175781250e+02
6.135305175781250000e+02
8.604447841644287109e-01
4.824454345703125000e+02
9.224107666015625000e+02
7.649922966957092285e-01
2.311766204833984375e+02
9.380857543945312500e+02
7.421914935111999512e-01
1.471781616210937500e+02
1.399040527343750000e+03
5.901283025741577148e-01
1.472654418945312500e+02
1.839024902343750000e+03
5.754329562187194824e-01
7.337188110351562500e+02
9.014192504882812500e+02
6.921871900558471680e-01
9.067565917968750000e+02
1.189260742187500000e+03
7.443814277648925781e-01
6.761614990234375000e+02
8.648648071289062500e+02
6.646609306335449219e-01
4.875666503906250000e+02
1.776094238281250000e+03
4.393311738967895508e-01
3.201381530761718750e+02
1.781314941406250000e+03
4.125888049602508545e-01
0.000000000000000000e+00
0.000000000000000000e+00
0.000000000000000000e+00
0.000000000000000000e+00
0.000000000000000000e+00
0.000000000000000000e+00
6.498480224609375000e+02
1.776117553710937500e+03
4.177891016006469727e-01
0.000000000000000000e+00
0.000000000000000000e+00
0.000000000000000000e+00
0.000000000000000000e+00
0.000000000000000000e+00
0.000000000000000000e+00
4.352462463378906250e+02
5.713233642578125000e+02
9.265836477279663086e-01
5.348256835937500000e+02
5.611043701171875000e+02
8.951685428619384766e-01
3.564921569824218750e+02
6.080664672851562500e+02
9.679896235466003418e-01
6.079504394531250000e+02
5.924058227539062500e+02
8.549355268478393555e-01
0.000000000000000000e+00
0.000000000000000000e+00
0.000000000000000000e+00
0.000000000000000000e+00
0.000000000000000000e+00
0.000000000000000000e+00
0.000000000000000000e+00
0.000000000000000000e+00
0.000000000000000000e+00
0.000000000000000000e+00
0.000000000000000000e+00
0.000000000000000000e+00
0.000000000000000000e+00
0.000000000000000000e+00
0.000000000000000000e+00
0.000000000000000000e+00
0.000000000000000000e+00
0.000000000000000000e+00
6.714461669921875000e+02
8.778641357421875000e+02
2.055583000183105469e-01
6.308887329101562500e+02
8.794864501953125000e+02
2.954829633235931396e-01
5.805975341796875000e+02
8.794864501953125000e+02
3.538620471954345703e-01
5.335509033203125000e+02
8.957094116210937500e+02
1.080489233136177063e-01
4.929934997558593750e+02
9.216661376953125000e+02
7.592083513736724854e-02
5.805975341796875000e+02
7.756594238281250000e+02
8.617841601371765137e-01
5.546407470703125000e+02
7.123898315429687500e+02
8.938769102096557617e-01
5.384177856445312500e+02
6.734547119140625000e+02
6.494981050491333008e-01
5.221948242187500000e+02
6.328972778320312500e+02
7.488249540328979492e-01
6.211549682617187500e+02
7.610587158203125000e+02
7.605923414230346680e-01
6.081765747070312500e+02
6.734547119140625000e+02
8.351518511772155762e-01
6.016873779296875000e+02
6.296527099609375000e+02
8.552768826484680176e-01
5.951981811523437500e+02
5.809837646484375000e+02
7.900074124336242676e-01
6.584677734375000000e+02
7.626810302734375000e+02
7.248347401618957520e-01
6.600900878906250000e+02
6.864331054687500000e+02
8.177291154861450195e-01
6.584677734375000000e+02
6.393864746093750000e+02
8.682999610900878906e-01
6.519785766601562500e+02
5.939621582031250000e+02
7.540239691734313965e-01
6.990252075195312500e+02
7.740371093750000000e+02
7.584880590438842773e-01
7.233596801757812500e+02
7.253682250976562500e+02
8.017380833625793457e-01
7.363380737304687500e+02
6.977891845703125000e+02
7.923377156257629395e-01
7.493164062500000000e+02
6.653432006835937500e+02
8.189055323600769043e-01
2.620727844238281250e+02
2.079270751953125000e+03
1.180469710379838943e-02
1.383271789550781250e+02
1.964492187500000000e+03
2.318876422941684723e-02
2.513123016357421875e+02
2.050576171875000000e+03
2.325398661196231842e-02
3.122883911132812500e+02
2.045195800781250000e+03
1.889208517968654633e-02
3.284291381835937500e+02
2.063129882812500000e+03
1.002565957605838776e-02
2.208242492675781250e+02
2.043402465820312500e+03
2.197684161365032196e-02
1.885427856445312500e+02
1.962698730468750000e+03
1.859413459897041321e-02
1.831625518798828125e+02
1.959111938476562500e+03
1.521412190049886703e-02
1.688152313232421875e+02
1.975252685546875000e+03
8.452445268630981445e-03
1.239798660278320312e+02
1.960905395507812500e+03
1.491824537515640259e-02
1.921296234130859375e+02
1.957318481445312500e+03
1.962640136480331421e-02
1.759888916015625000e+02
1.973459228515625000e+03
1.042083185166120529e-02
1.580547485351562500e+02
1.977046020507812500e+03
7.566181942820549011e-03
8.273133087158203125e+01
1.951938232421875000e+03
1.894258894026279449e-02
1.885427856445312500e+02
1.950144897460937500e+03
1.680129766464233398e-02
1.939230346679687500e+02
1.957318481445312500e+03
1.098705362528562546e-02
1.060457153320312500e+02
2.073890380859375000e+03
6.459413561969995499e-03
5.762352371215820312e+01
1.948351440429687500e+03
2.266728505492210388e-02
5.044986724853515625e+01
1.953731689453125000e+03
1.119337789714336395e-02
1.867493743896484375e+02
1.944764648437500000e+03
8.954744786024093628e-03
9.887206268310546875e+01
2.081064208984375000e+03
5.332308821380138397e-03
