4.878368835449218750e+02
6.186026000976562500e+02
8.583561182022094727e-01
4.822779846191406250e+02
9.120185546875000000e+02
8.112270236015319824e-01
2.312195129394531250e+02
9.380857543945312500e+02
7.475141882896423340e-01
1.472704772949218750e+02
1.399062622070312500e+03
5.971155166625976562e-01
1.473092803955078125e+02
1.854602661132812500e+03
5.813404917716979980e-01
7.231967773437500000e+02
8.959545288085937500e+02
6.808317899703979492e-01
9.016524047851562500e+02
1.173831909179687500e+03
6.920754313468933105e-01
6.812941894531250000e+02
8.543381958007812500e+02
6.819896101951599121e-01
4.826141052246093750e+02
1.781428710937500000e+03
4.782111346721649170e-01
3.200026550292968750e+02
1.781436889648437500e+03
4.405649602413177490e-01
0.000000000000000000e+00
0.000000000000000000e+00
0.000000000000000000e+00
0.000000000000000000e+00
0.000000000000000000e+00
0.000000000000000000e+00
6.498902587890625000e+02
1.786600097656250000e+03
4.367166161537170410e-01
0.000000000000000000e+00
0.000000000000000000e+00
0.000000000000000000e+00
0.000000000000000000e+00
0.000000000000000000e+00
0.000000000000000000e+00
4.403521423339843750e+02
5.714547729492187500e+02
9.248191118240356445e-01
5.349123535156250000e+02
5.660233154296875000e+02
8.721359372138977051e-01
3.565806579589843750e+02
6.080774536132812500e+02
9.660899639129638672e-01
6.081483154296875000e+02
5.974597778320312500e+02
9.128903150558471680e-01
0.000000000000000000e+00
0.000000000000000000e+00
0.000000000000000000e+00
0.000000000000000000e+00
0.000000000000000000e+00
0.000000000000000000e+00
0.000000000000000000e+00
0.000000000000000000e+00
0.000000000000000000e+00
0.000000000000000000e+00
0.000000000000000000e+00
0.000000000000000000e+00
0.000000000000000000e+00
0.000000000000000000e+00
0.000000000000000000e+00
0.000000000000000000e+00
0.000000000000000000e+00
0.000000000000000000e+00
6.876757202148437500e+02
8.675548706054687500e+02
2.367568016052246094e-01
6.402158813476562500e+02
8.517349243164062500e+02
4.058162569999694824e-01
5.911740722656250000e+02
8.327509765625000000e+02
5.674262642860412598e-01
5.658621826171875000e+02
7.932011108398437500e+02
8.474132418632507324e-01
5.642801513671875000e+02
7.631432495117187500e+02
3.431906998157501221e-01
6.196499633789062500e+02
7.315033569335937500e+02
3.678002655506134033e-01
5.721901245117187500e+02
6.982814331054687500e+02
7.109442353248596191e-01
5.658621826171875000e+02
7.251753540039062500e+02
6.511945724487304688e-01
5.674441528320312500e+02
7.552332763671875000e+02
8.283063769340515137e-01
6.465438842773437500e+02
7.346673583984375000e+02
4.853901565074920654e-01
6.101580200195312500e+02
6.840435180664062500e+02
9.533777236938476562e-01
5.911740722656250000e+02
7.251753540039062500e+02
9.829214215278625488e-01
5.864281005859375000e+02
7.631432495117187500e+02
8.620578050613403320e-01
6.750197753906250000e+02
7.441593017578125000e+02
5.202826857566833496e-01
6.449618530273437500e+02
6.982814331054687500e+02
9.322921633720397949e-01
6.164859619140625000e+02
7.299213256835937500e+02
7.260447740554809570e-01
6.054120483398437500e+02
7.663071899414062500e+02
7.633395791053771973e-01
7.003316650390625000e+02
7.520692749023437500e+02
8.091397285461425781e-01
6.702738037109375000e+02
7.283393554687500000e+02
8.203548192977905273e-01
6.449618530273437500e+02
7.409953002929687500e+02
8.335735797882080078e-01
6.243959350585937500e+02
7.678892211914062500e+02
7.455565333366394043e-01
-6.794043540954589844e+00
2.021642333984375000e+03
1.312036626040935516e-02
1.343243408203125000e+02
1.973364990234375000e+03
2.245373651385307312e-02
9.904474639892578125e+01
2.038353637695312500e+03
2.210513316094875336e-02
3.181495971679687500e+02
2.055065185546875000e+03
1.803831383585929871e-02
3.311473388671875000e+02
2.073633300781250000e+03
9.928864426910877228e-03
2.271653747558593750e+02
2.055065185546875000e+03
2.089659683406352997e-02
1.937425994873046875e+02
1.973364990234375000e+03
1.731804385781288147e-02
1.844584960937500000e+02
1.971508178710937500e+03
1.196215301752090454e-02
1.677471160888671875e+02
1.984505859375000000e+03
7.504218723624944687e-03
1.955994262695312500e+02
1.980792236328125000e+03
1.412536762654781342e-02
1.993130645751953125e+02
1.967794433593750000e+03
1.850859262049198151e-02
1.881721496582031250e+02
1.973364990234375000e+03
9.965616278350353241e-03
1.528925476074218750e+02
2.062492431640625000e+03
6.671502254903316498e-03
8.604699707031250000e+01
1.960367187500000000e+03
1.701105013489723206e-02
1.974562530517578125e+02
1.960367187500000000e+03
1.594192348420619965e-02
1.993130645751953125e+02
1.962223999023437500e+03
1.056654378771781921e-02
1.231834106445312500e+02
2.075489990234375000e+03
5.835074000060558319e-03
4.891057968139648438e+01
1.956653564453125000e+03
1.969721913337707520e-02
2.717290649414062500e+02
1.956653564453125000e+03
1.089386176317930222e-02
1.955994262695312500e+02
1.952939941406250000e+03
8.757437579333782196e-03
1.176129531860351562e+02
2.125624267578125000e+03
5.057533271610736847e-03
