5.085109252929687500e+02
6.132573852539062500e+02
8.806115984916687012e-01
4.773603515625000000e+02
9.224176025390625000e+02
8.051002025604248047e-01
2.311034393310546875e+02
9.380897827148437500e+02
7.504442334175109863e-01
1.472356567382812500e+02
1.393678344726562500e+03
5.798411965370178223e-01
1.523475036621093750e+02
1.854700927734375000e+03
5.699983239173889160e-01
7.232598876953125000e+02
8.961408081054687500e+02
6.790475845336914062e-01
9.015607299804687500e+02
1.231491455078125000e+03
7.933292388916015625e-01
6.605965576171875000e+02
8.124771118164062500e+02
6.958537697792053223e-01
4.876804504394531250e+02
1.786561279296875000e+03
4.516493976116180420e-01
3.201041259765625000e+02
1.786625366210937500e+03
4.157362282276153564e-01
0.000000000000000000e+00
0.000000000000000000e+00
0.000000000000000000e+00
0.000000000000000000e+00
0.000000000000000000e+00
0.000000000000000000e+00
6.499904174804687500e+02
1.786631103515625000e+03
4.280844628810882568e-01
0.000000000000000000e+00
0.000000000000000000e+00
0.000000000000000000e+00
0.000000000000000000e+00
0.000000000000000000e+00
0.000000000000000000e+00
4.406991577148437500e+02
5.662684936523437500e+02
9.501574039459228516e-01
5.557047729492187500e+02
5.609902343750000000e+02
8.988156318664550781e-01
3.567511291503906250e+02
6.079584350585937500e+02
9.640668630599975586e-01
6.133438110351562500e+02
5.976809082031250000e+02
8.898621201515197754e-01
0.000000000000000000e+00
0.000000000000000000e+00
0.000000000000000000e+00
0.000000000000000000e+00
0.000000000000000000e+00
0.000000000000000000e+00
0.000000000000000000e+00
0.000000000000000000e+00
0.000000000000000000e+00
0.000000000000000000e+00
0.000000000000000000e+00
0.000000000000000000e+00
0.000000000000000000e+00
0.000000000000000000e+00
0.000000000000000000e+00
0.000000000000000000e+00
0.000000000000000000e+00
0.000000000000000000e+00
4.471036071777343750e+02
4.791509399414062500e+02
1.363821700215339661e-02
4.589249267578125000e+02
5.224957275390625000e+02
3.677525790408253670e-03
6.539763793945312500e+02
8.357601928710937500e+02
9.548718109726905823e-03
6.047209472656250000e+02
8.042366943359375000e+02
6.490501761436462402e-02
6.027507324218750000e+02
7.766536865234375000e+02
9.762549400329589844e-02
6.066911621093750000e+02
7.451301879882812500e+02
2.450754046440124512e-01
5.751677246093750000e+02
7.116365356445312500e+02
8.842900991439819336e-01
5.751677246093750000e+02
7.471004028320312500e+02
4.982818663120269775e-01
5.751677246093750000e+02
7.904451904296875000e+02
7.135504484176635742e-01
6.460955200195312500e+02
7.490706176757812500e+02
3.447133302688598633e-01
6.047209472656250000e+02
6.958747558593750000e+02
7.092720270156860352e-01
5.869890136718750000e+02
7.490706176757812500e+02
6.164444088935852051e-01
5.810783691406250000e+02
7.963558349609375000e+02
6.062177419662475586e-01
6.677678833007812500e+02
7.549812622070312500e+02
5.419779419898986816e-01
6.204827270507812500e+02
6.978450317382812500e+02
7.105839848518371582e-01
6.066911621093750000e+02
7.471004028320312500e+02
7.717727422714233398e-01
6.145720214843750000e+02
7.924154052734375000e+02
7.852764129638671875e-01
6.874700927734375000e+02
7.471004028320312500e+02
7.246708869934082031e-01
6.559465942382812500e+02
7.136067504882812500e+02
7.353222966194152832e-01
6.362444458007812500e+02
7.431599731445312500e+02
5.730098485946655273e-01
6.362444458007812500e+02
7.746834716796875000e+02
3.829350769519805908e-01
-1.946137070655822754e+00
2.025631225585937500e+03
1.502854377031326294e-02
1.521551361083984375e+02
1.984286987304687500e+03
2.594925649464130402e-02
2.273264923095703125e+02
2.050062011718750000e+03
2.484646998345851898e-02
2.799464416503906250e+02
2.014355468750000000e+03
2.177308872342109680e-02
3.400835266113281250e+02
2.078251220703125000e+03
9.910413995385169983e-03
2.273264923095703125e+02
2.057579101562500000e+03
2.594216726720333099e-02
2.066543579101562500e+02
2.051941162109375000e+03
1.273697614669799805e-02
1.615515594482421875e+02
2.051941162109375000e+03
1.039417926222085953e-02
1.427587127685546875e+02
2.063216796875000000e+03
7.092399057000875473e-03
2.010165100097656250e+02
2.027510498046875000e+03
1.379474811255931854e-02
2.160507812500000000e+02
2.083888916015625000e+03
8.883954025804996490e-03
1.371208648681640625e+02
2.059458251953125000e+03
8.060884661972522736e-03
1.183280258178710938e+02
2.076371826171875000e+03
7.019359618425369263e-03
8.825948333740234375e+01
1.969252685546875000e+03
1.917217671871185303e-02
1.427587127685546875e+02
1.952339111328125000e+03
9.555620141327381134e-03
1.051730422973632812e+02
2.063216796875000000e+03
8.985466323792934418e-03
8.638020324707031250e+01
2.089526855468750000e+03
5.963959265500307083e-03
6.194951248168945312e+01
1.954218383789062500e+03
2.426852844655513763e-02
6.007022857666015625e+01
1.965494140625000000e+03
1.087998691946268082e-02
7.698377990722656250e+01
1.991804077148437500e+03
7.781944703310728073e-03
1.089316101074218750e+02
2.136509033203125000e+03
5.479209125041961670e-03
